"1" "2" "3" "4" "5" "6" "7" "8" "9" "10" "11" "12" "13" "14" "15" "16" "17" "18" "19" "20"
"1" 487 500 511 496 506 505 505 498 497 500 506 489 499 485 516 492 503 521 481 489
"2" 514 499 503 507 505 496 492 499 502 496 489 495 515 508 499 501 503 503 508 491
"3" 499 478 488 494 497 522 495 487 504 495 493 515 499 499 492 500 508 518 488 501
"4" 511 501 501 499 497 489 495 512 501 473 497 512 499 492 510 497 501 506 506 508
"5" 507 508 503 515 502 503 514 500 507 510 502 484 504 506 495 505 523 487 500 498
"6" 503 501 486 515 499 505 490 497 500 506 500 490 496 502 496 499 509 496 491 490
"7" 495 514 493 498 500 498 501 502 498 490 492 492 495 499 503 483 494 491 505 480
"8" 509 507 493 497 494 501 488 494 510 506 492 496 491 504 500 507 490 495 504 502
"9" 506 504 500 478 493 492 511 502 505 492 496 509 508 509 491 521 496 514 498 503
"10" 484 505 508 496 505 511 505 504 490 500 499 477 498 494 501 493 492 509 499 500
"11" 516 523 503 518 512 506 498 490 509 502 501 504 481 485 506 496 486 502 484 511
"12" 526 505 492 485 503 502 506 520 503 514 509 492 501 515 497 516 505 501 490 488
"13" 501 491 499 491 503 511 497 505 493 511 490 518 498 514 500 494 507 493 510 499
"14" 502 493 504 496 518 504 494 508 487 499 498 498 495 509 503 517 506 488 477 492
"15" 503 502 485 493 508 496 508 501 493 499 509 506 491 494 493 513 506 494 494 508
"16" 502 498 504 489 481 503 504 484 491 491 506 482 504 505 492 494 495 500 499 497
"17" 524 501 504 511 503 486 492 515 490 506 504 504 501 501 494 502 487 504 502 493
"18" 503 494 498 490 498 495 498 485 505 504 493 497 503 491 505 493 501 493 498 489
"19" 499 517 493 503 497 515 493 508 504 502 519 506 488 506 508 514 493 508 488 505
"20" 505 513 495 508 492 484 501 507 504 487 513 503 512 509 500 498 497 503 494 487
"21" 514 504 495 501 498 513 502 497 504 515 479 495 510 493 485 497 503 499 502 501
"22" 495 505 488 501 494 497 501 492 486 503 496 506 500 507 498 517 481 510 501 511
"23" 514 500 492 499 485 501 498 510 485 516 503 488 497 490 516 514 489 508 492 506
"24" 499 509 500 502 510 489 513 499 518 491 491 488 497 502 501 501 519 506 500 494
"25" 503 501 509 497 498 509 494 481 495 504 509 498 494 502 507 488 492 513 483 508
"26" 516 494 503 494 493 492 496 491 517 482 511 497 490 499 504 498 482 511 507 495
"27" 484 495 496 502 497 486 501 488 505 493 495 497 497 514 491 482 496 508 495 505
"28" 498 498 510 501 498 509 491 519 507 497 500 512 498 488 505 504 520 501 489 512
"29" 498 515 495 485 518 506 497 498 490 500 499 497 504 506 503 494 492 507 496 503
"30" 490 512 486 498 494 505 489 504 516 479 514 493 497 513 496 501 490 508 514 492
"31" 499 503 509 499 505 498 505 497 497 500 493 493 513 498 516 503 486 498 503 493
"32" 504 503 506 494 502 513 489 493 499 494 498 505 499 510 502 519 491 483 498 508
"33" 503 512 492 491 504 518 479 503 504 499 499 502 504 506 513 497 498 503 497 492
"34" 507 494 504 496 517 499 481 497 505 499 500 502 510 497 512 496 498 504 516 500
"35" 508 503 504 499 505 492 503 523 497 491 517 507 499 514 499 496 508 511 499 503
"36" 504 509 512 498 511 512 490 496 498 496 496 513 496 504 491 479 500 498 511 489
"37" 496 508 497 491 515 511 501 479 502 502 500 494 510 511 481 482 484 498 499 498
"38" 498 510 499 511 496 504 499 503 497 513 512 505 509 478 492 500 503 506 500 490
"39" 509 511 517 487 512 496 495 490 502 495 509 502 500 507 496 484 495 504 503 508
"40" 502 498 497 497 501 488 481 496 506 512 510 507 502 504 511 502 476 502 505 499
"41" 511 491 496 500 486 496 498 493 502 492 505 514 496 508 488 496 494 499 516 501
"42" 490 514 495 500 509 499 500 492 485 512 500 485 498 499 487 494 496 497 486 490
"43" 491 496 504 475 496 508 495 500 483 494 493 509 502 504 503 495 491 494 487 517
"44" 501 504 501 498 516 487 494 491 494 506 499 489 502 487 487 496 521 482 507 517
"45" 495 502 492 499 503 497 501 490 505 485 497 500 506 491 509 495 518 506 504 483
"46" 506 502 501 503 499 497 502 495 482 514 509 500 490 506 492 509 491 486 516 506
"47" 491 520 489 508 509 503 497 500 505 505 492 512 490 511 498 501 508 495 503 497
"48" 510 502 501 496 496 502 504 509 500 484 503 481 499 503 505 485 500 512 490 488
"49" 488 501 499 503 481 509 491 488 513 492 496 495 504 504 507 495 506 493 490 509
"50" 503 514 493 507 527 489 490 499 488 491 478 512 514 508 511 507 506 512 491 498
"51" 507 502 503 495 496 479 502 498 506 510 503 488 497 513 485 499 497 489 510 503
"52" 498 510 517 499 493 515 508 502 501 505 502 512 494 495 496 503 504 487 502 493
"53" 498 508 500 485 495 503 487 504 510 494 522 485 497 514 503 497 491 477 522 508
"54" 501 497 505 516 501 500 496 488 496 497 499 491 503 495 499 486 491 495 482 491
"55" 494 511 496 501 501 502 507 487 510 498 509 492 493 490 493 492 505 502 486 499
"56" 497 504 509 497 498 488 485 492 500 503 505 493 489 496 487 502 508 508 500 511
"57" 492 482 499 503 493 511 502 508 511 492 501 493 487 512 513 493 501 517 492 508
"58" 496 491 516 511 500 497 504 502 511 493 513 510 488 486 495 493 511 514 505 499
"59" 500 485 507 483 510 489 496 475 487 503 500 487 494 498 486 507 502 505 486 503
"60" 511 502 499 494 504 504 493 492 497 476 507 504 504 497 503 507 481 496 494 486
"61" 509 500 500 507 501 509 491 489 500 502 497 503 491 509 513 502 497 508 482 515
"62" 505 511 511 499 487 504 484 487 509 493 500 497 505 513 491 496 529 493 506 507
"63" 492 498 497 493 512 482 510 496 503 499 496 498 493 521 513 525 508 504 514 504
"64" 510 502 492 503 508 511 493 509 494 497 502 506 512 493 506 484 497 495 503 509
"65" 497 495 506 495 499 491 494 494 501 502 495 500 519 486 492 487 495 506 477 501
"66" 505 500 509 500 514 497 498 495 508 507 502 500 500 506 498 519 512 518 500 488
"67" 500 498 473 507 502 496 504 499 499 515 483 493 489 504 509 516 523 502 485 499
"68" 506 489 501 503 514 489 504 495 493 495 486 492 517 493 491 510 512 497 509 485
"69" 505 498 508 490 491 495 490 514 503 505 482 510 511 506 490 503 513 480 498 502
"70" 507 500 501 499 499 500 510 501 503 502 505 497 500 501 501 496 496 512 510 484
"71" 515 490 501 505 499 504 498 493 517 494 508 494 498 508 502 528 498 496 493 505
"72" 515 505 504 512 503 500 499 509 495 507 494 506 481 514 510 503 498 498 496 506
"73" 502 495 487 507 503 498 502 508 503 493 521 494 496 502 484 487 502 502 519 486
"74" 502 497 488 501 505 502 501 494 499 497 501 502 512 518 484 503 506 494 489 514
"75" 496 499 501 508 491 494 495 488 513 492 500 505 489 492 511 511 505 481 486 507
"76" 483 508 507 484 500 495 499 493 519 502 514 498 492 503 503 506 502 503 508 497
"77" 512 528 492 493 499 470 498 492 505 498 494 497 506 510 514 510 483 499 493 486
"78" 494 507 505 485 488 494 490 504 501 501 498 509 500 492 497 525 499 505 497 507
"79" 486 494 508 500 511 501 489 493 502 494 498 496 497 503 493 491 509 510 489 513
"80" 492 504 505 491 499 499 497 491 502 494 503 498 517 515 496 502 513 504 498 492
"81" 496 494 499 507 493 493 513 486 500 508 508 506 510 486 500 500 495 494 517 497
"82" 505 504 493 501 496 502 495 500 517 499 497 505 501 495 502 492 489 504 492 498
"83" 499 503 493 492 506 492 496 495 495 492 508 492 498 500 502 495 489 504 519 491
"84" 508 506 518 509 493 495 497 490 496 506 497 505 508 493 503 496 509 501 478 486
"85" 500 508 489 501 496 501 494 497 486 501 499 494 510 505 500 512 490 506 500 494
"86" 509 505 497 500 499 489 501 497 495 495 520 502 488 497 510 510 511 511 490 494
"87" 497 521 501 508 485 503 490 503 491 498 503 496 493 507 495 504 493 508 502 490
"88" 497 502 493 498 498 500 497 499 494 495 500 500 524 508 506 503 516 492 489 496
"89" 507 508 502 501 496 509 524 511 486 491 487 515 487 489 507 498 492 508 502 510
"90" 511 502 504 492 492 483 491 496 503 471 491 510 488 499 496 507 492 502 477 503
"91" 495 496 500 500 497 497 497 510 510 528 509 488 494 504 490 484 498 512 491 500
"92" 490 508 513 501 508 507 498 504 496 506 507 490 508 498 502 491 483 492 494 507
"93" 520 501 494 489 488 500 496 499 504 499 511 500 501 499 506 501 502 489 495 506
"94" 511 518 489 509 491 489 498 507 485 509 487 496 503 503 493 497 507 508 499 509
"95" 493 501 506 497 501 514 496 496 499 507 525 498 506 485 509 499 500 503 508 491
"96" 501 489 514 503 499 510 497 493 514 509 506 500 488 500 487 501 487 493 500 485
"97" 497 509 480 480 488 521 513 495 508 495 515 503 512 497 496 503 495 488 492 497
"98" 504 499 497 493 487 496 485 502 497 494 508 501 515 497 494 523 513 490 517 507
"99" 500 505 516 504 495 486 488 496 504 512 517 481 502 497 510 501 503 509 494 502
"100" 507 501 503 503 489 502 496 515 499 498 507 487 515 487 496 493 501 504 501 503
"101" 514 494 501 499 505 498 503 500 489 479 500 504 487 508 506 513 499 491 506 487
"102" 492 488 496 491 498 504 496 492 496 507 500 488 501 505 509 509 510 499 497 503
"103" 502 493 499 516 488 504 493 492 499 499 489 494 497 510 491 499 502 501 484 502
"104" 508 503 504 495 492 497 513 513 494 507 523 499 495 504 493 498 502 510 495 520
"105" 503 507 501 498 514 504 491 512 501 491 517 489 509 512 514 504 518 504 484 498
"106" 490 499 486 511 501 491 495 507 507 487 509 501 497 511 495 505 510 500 504 503
"107" 524 503 524 501 491 504 495 506 501 497 500 502 494 496 485 511 483 501 479 509
"108" 502 495 496 509 480 484 510 510 503 499 499 503 514 508 503 498 512 481 509 490
"109" 496 511 498 501 519 496 512 504 489 503 502 512 511 498 490 519 506 502 485 489
"110" 507 473 506 494 496 496 504 498 501 494 496 498 488 494 490 509 504 510 495 501
"111" 525 510 506 480 503 498 493 505 513 508 500 511 495 490 497 497 496 480 506 508
"112" 491 507 513 508 499 489 495 504 496 496 503 502 483 499 500 498 498 498 496 486
"113" 503 517 501 498 494 509 491 510 504 499 505 504 501 512 504 500 518 503 494 486
"114" 493 502 504 492 508 500 502 511 491 504 488 501 485 504 482 503 517 510 508 499
"115" 500 502 496 487 485 489 497 502 506 501 492 499 497 491 493 507 503 508 518 516
"116" 487 503 507 508 505 511 484 510 497 498 495 503 492 499 490 499 507 504 512 492
"117" 508 521 497 500 493 504 503 500 506 498 512 500 505 505 499 509 509 504 500 493
"118" 500 495 512 503 498 501 508 487 498 507 498 496 505 507 492 509 492 505 501 486
"119" 504 494 493 490 514 496 485 499 493 502 510 508 503 513 500 500 503 497 506 515
"120" 498 497 516 495 506 536 492 502 497 489 502 504 504 500 502 517 504 503 507 508
"121" 491 489 513 500 499 496 499 504 514 503 501 516 505 505 494 502 507 505 502 505
"122" 500 501 516 494 489 489 492 506 502 492 511 487 497 506 503 503 501 530 522 492
"123" 497 504 511 488 507 489 498 487 514 487 516 492 497 502 518 496 504 504 495 504
"124" 501 477 501 492 490 506 484 483 504 500 491 499 488 502 506 507 497 504 482 504
"125" 510 512 509 512 507 506 478 503 517 499 501 499 489 510 489 517 493 493 511 497
"126" 490 498 516 504 496 498 487 501 482 488 498 511 512 504 486 495 507 502 493 497
"127" 510 490 489 505 497 494 502 489 492 493 497 508 498 508 508 502 510 509 486 507
"128" 498 508 492 490 508 502 500 514 511 491 489 508 517 510 499 513 487 501 495 498
"129" 496 493 518 503 509 522 501 485 500 492 492 503 486 502 506 508 495 500 490 499
"130" 486 497 493 501 484 483 505 508 492 486 504 502 478 495 487 496 501 491 496 498
"131" 503 512 507 492 507 515 512 510 499 513 500 501 492 498 508 479 517 505 513 502
"132" 518 503 506 483 506 481 499 515 496 493 475 505 497 503 513 508 521 517 497 507
"133" 492 503 498 510 514 491 507 499 507 508 493 489 495 499 489 489 488 512 503 502
"134" 497 500 501 496 492 488 502 496 506 507 492 504 498 507 496 504 507 515 497 509
"135" 500 488 495 498 500 508 496 481 500 517 497 510 504 507 512 490 507 491 501 502
"136" 514 499 498 486 503 482 507 503 496 504 512 509 508 510 500 504 503 507 499 486
"137" 498 499 511 504 494 495 491 502 520 474 497 503 500 495 504 514 514 496 501 501
"138" 510 519 503 495 497 476 497 494 503 494 496 492 507 508 495 487 506 487 502 484
"139" 490 512 490 519 498 516 488 486 491 497 504 518 515 493 497 503 502 490 496 477
"140" 487 519 498 505 491 497 497 497 505 494 505 508 493 504 495 512 499 490 514 484
"141" 505 480 493 491 505 486 497 510 502 494 483 497 509 493 491 514 501 504 484 500
"142" 498 502 510 493 508 502 504 503 501 492 493 485 491 512 492 504 482 493 490 507
"143" 491 511 502 490 501 491 482 489 500 502 519 511 505 505 499 501 492 487 492 506
"144" 496 503 502 513 509 506 505 481 486 492 515 477 519 483 504 510 492 496 487 491
"145" 488 489 509 501 494 502 498 509 499 500 504 495 498 490 507 503 514 485 487 501
"146" 526 498 501 490 483 498 479 504 501 499 500 487 511 521 487 499 506 510 487 481
"147" 493 495 499 489 506 506 510 494 502 485 506 504 492 508 500 511 495 499 515 502
"148" 508 497 504 484 509 499 501 492 508 508 495 509 495 488 495 492 501 498 490 491
"149" 497 493 503 502 507 501 501 497 502 489 503 493 504 511 505 510 498 498 510 495
"150" 490 487 501 485 494 502 511 490 499 500 505 493 505 497 490 508 502 490 509 482
"151" 500 510 498 499 505 511 501 499 509 509 513 491 511 523 487 500 507 507 488 504
"152" 522 511 511 499 505 507 503 497 502 506 507 503 492 511 499 506 519 502 488 494
"153" 494 504 488 503 499 488 516 486 507 489 520 516 489 506 505 505 498 506 505 493
"154" 507 526 492 495 511 498 497 486 493 505 507 512 487 495 487 491 496 509 497 511
"155" 493 514 519 509 499 517 506 513 498 503 480 491 497 490 489 508 493 502 503 487
"156" 494 502 500 497 508 507 494 499 488 498 500 508 504 502 491 503 490 486 494 500
"157" 477 493 508 499 477 511 496 499 508 497 500 500 491 506 504 495 488 495 505 492
"158" 497 504 498 497 496 504 497 502 514 498 509 507 494 495 503 505 520 490 505 491
"159" 499 509 514 504 480 507 511 516 497 508 493 509 505 501 511 520 490 494 510 496
"160" 497 497 505 501 504 504 508 495 501 491 496 512 505 507 501 496 512 522 513 509
"161" 506 499 512 492 503 502 498 502 507 497 496 503 502 496 501 500 510 498 498 498
"162" 502 508 511 496 505 504 498 509 499 502 497 499 500 490 512 509 509 498 494 500
"163" 483 494 511 497 501 500 498 498 509 507 511 507 510 500 502 496 495 493 506 500
"164" 493 501 492 512 507 506 497 505 500 509 504 502 514 503 495 501 507 497 502 508
"165" 489 502 501 496 491 503 512 499 500 491 501 504 496 500 493 499 484 507 487 489
"166" 516 491 498 497 503 512 496 500 503 498 498 505 502 492 492 514 495 497 510 514
"167" 488 499 500 496 502 491 489 511 510 491 501 510 502 495 513 492 493 502 489 502
"168" 515 509 495 495 502 503 493 508 486 495 486 509 498 507 487 505 507 503 492 503
"169" 508 502 490 500 499 492 507 505 492 490 502 509 508 492 504 498 502 484 498 509
"170" 502 505 492 496 498 503 482 502 493 507 496 520 508 496 498 511 501 501 500 494
"171" 496 501 523 513 488 476 499 504 509 499 495 499 506 517 484 488 499 505 504 484
"172" 500 503 502 506 492 501 485 513 507 495 513 483 493 507 503 498 508 485 489 510
"173" 503 498 500 514 510 489 504 507 502 493 495 495 501 491 497 475 482 507 495 489
"174" 497 495 502 515 507 500 516 512 507 484 502 502 499 496 498 518 500 506 506 482
"175" 501 493 503 476 491 500 513 500 522 491 494 492 489 505 491 496 502 504 489 511
"176" 505 493 497 485 499 500 491 504 505 486 492 505 489 504 512 493 491 484 489 486
"177" 488 505 502 489 493 511 497 506 495 503 500 512 509 503 493 500 517 492 489 515
"178" 501 510 515 490 490 498 514 506 503 506 506 510 495 509 500 505 499 505 514 512
"179" 495 499 506 498 511 497 494 501 500 489 506 495 484 502 496 508 491 503 493 494
"180" 493 506 499 505 501 505 502 486 485 506 499 484 509 498 505 497 502 495 513 487
"181" 500 505 502 498 495 507 502 491 508 490 503 489 496 508 492 501 498 505 512 504
"182" 489 508 499 486 497 507 501 514 512 500 509 522 516 503 493 493 493 494 502 498
"183" 488 501 486 506 501 499 494 524 490 496 485 516 504 509 512 497 502 484 504 506
"184" 506 495 508 494 488 488 507 497 516 512 507 506 501 501 493 492 510 499 496 486
"185" 499 506 512 504 510 506 496 498 495 498 520 504 491 500 491 500 514 496 492 504
"186" 488 502 510 500 514 510 487 492 499 493 489 494 501 507 486 510 492 499 495 505
"187" 504 504 503 488 489 494 497 489 507 486 502 491 508 490 496 509 504 489 489 496
"188" 489 500 503 501 499 501 506 492 513 504 500 505 485 499 496 494 493 515 489 514
"189" 493 498 510 493 493 497 502 501 500 504 497 499 506 510 496 497 505 499 519 504
"190" 514 501 492 507 505 491 503 498 505 490 499 499 504 499 502 516 512 500 512 517
"191" 498 506 506 488 503 517 502 502 508 500 498 491 509 510 493 492 506 498 511 504
"192" 515 488 509 499 497 502 492 508 501 499 500 505 506 503 516 489 497 497 494 523
"193" 506 501 489 512 507 502 495 489 510 496 499 517 501 504 497 499 508 493 510 493
"194" 522 506 487 495 504 516 496 487 507 499 513 509 483 505 524 484 511 486 487 500
"195" 505 505 494 492 516 499 508 477 505 491 491 519 500 491 490 502 497 501 492 493
"196" 484 507 513 504 485 498 496 490 509 499 502 489 508 505 498 507 483 494 512 497
"197" 505 507 522 520 494 501 504 504 510 481 505 495 501 511 514 494 495 508 506 498
"198" 487 508 499 488 509 502 491 489 512 516 511 512 496 491 494 506 510 517 493 504
"199" 509 518 491 508 495 511 503 488 500 502 503 496 503 504 491 520 513 509 502 515
"200" 503 491 516 509 501 502 506 504 502 497 503 503 492 502 490 500 496 504 487 486
"201" 507 495 500 493 506 493 491 496 506 502 510 498 515 492 494 506 500 502 485 516
"202" 498 498 499 490 506 509 489 493 503 513 494 504 489 495 498 503 503 494 492 499
"203" 498 508 496 502 495 494 494 485 508 515 508 507 519 494 498 481 474 502 511 497
"204" 499 517 520 493 513 492 489 495 503 486 496 495 500 501 502 490 498 506 490 510
"205" 501 508 495 509 484 482 508 495 496 501 510 490 498 505 497 499 499 501 522 510
"206" 529 507 509 517 503 494 495 481 503 513 511 504 501 498 496 509 525 498 493 492
"207" 503 498 514 493 481 500 491 504 499 496 511 504 495 508 500 490 497 500 502 510
"208" 501 518 495 491 506 502 501 502 518 516 515 502 507 507 505 509 502 483 501 474
"209" 507 500 507 497 502 492 509 502 493 505 502 508 517 501 501 517 510 497 491 505
"210" 512 501 504 494 488 507 498 512 511 514 506 495 488 501 505 509 494 500 499 492
"211" 504 496 505 483 486 513 489 498 492 500 514 488 498 500 516 504 514 502 494 494
"212" 489 496 504 517 509 507 494 499 496 494 501 497 493 513 488 514 490 490 506 501
"213" 485 520 503 496 500 493 502 512 510 513 512 508 496 492 497 516 506 489 522 510
"214" 486 512 495 486 515 502 506 502 485 517 498 502 512 497 517 509 494 506 483 500
"215" 513 507 499 498 505 505 501 512 506 512 488 495 496 499 493 502 498 498 486 519
"216" 507 513 498 500 508 506 511 504 504 501 497 502 473 502 509 511 505 483 503 501
"217" 493 506 489 502 483 518 497 496 509 517 502 510 493 507 496 515 494 497 497 501
"218" 485 497 507 474 503 510 516 498 502 500 493 507 491 496 509 510 504 493 515 510
"219" 489 497 493 499 504 496 497 501 488 499 507 503 491 504 488 504 504 505 504 501
"220" 512 500 494 491 488 502 502 501 512 487 496 507 484 507 511 509 493 507 492 500
"221" 490 503 495 514 499 502 500 493 484 512 484 514 492 492 487 497 511 481 499 506
"222" 482 511 510 503 490 511 497 499 493 505 508 493 502 496 488 495 508 475 488 491
"223" 487 508 494 497 499 487 515 497 496 504 496 496 497 497 510 499 490 492 493 497
"224" 505 507 480 502 518 503 502 496 498 506 502 506 511 497 508 499 508 486 503 502
"225" 494 501 492 505 502 499 507 495 502 503 505 495 495 497 503 494 488 499 498 491
"226" 494 502 504 505 515 495 495 490 493 491 502 490 504 501 504 502 494 518 492 489
"227" 510 511 501 497 504 491 501 488 497 500 495 495 504 494 493 485 507 494 496 502
"228" 488 494 504 502 489 490 497 487 498 490 482 505 496 499 500 516 510 494 493 505
"229" 505 497 493 497 505 499 492 502 498 521 511 488 492 500 491 511 498 497 505 505
"230" 482 498 504 505 520 501 485 509 500 502 509 516 505 516 488 492 502 509 518 511
"231" 500 515 499 499 493 505 497 486 512 491 507 495 485 518 511 486 497 483 496 497
"232" 499 501 490 489 503 501 502 502 487 499 493 504 520 519 499 487 496 494 500 502
"233" 507 502 492 495 496 515 501 499 501 507 483 504 497 489 490 499 508 496 510 495
"234" 508 512 514 502 504 497 501 496 504 515 505 487 507 502 515 502 507 510 487 499
"235" 502 482 498 502 496 510 507 494 501 488 515 488 502 499 504 509 503 503 496 492
"236" 496 505 503 494 496 488 501 482 501 494 497 503 494 500 521 502 504 482 504 481
"237" 504 501 502 491 503 492 500 504 502 493 505 504 506 507 495 504 495 478 499 508
"238" 507 510 490 509 504 493 499 506 514 505 499 491 503 488 513 504 507 498 493 510
"239" 491 495 501 497 502 492 488 489 493 514 514 491 496 491 511 503 483 509 515 492
"240" 484 509 494 504 486 506 489 506 488 507 511 496 496 510 502 503 503 502 505 503
"241" 499 494 498 498 518 503 504 490 507 494 508 515 491 504 504 504 520 506 490 482
"242" 493 503 513 498 498 508 507 499 495 507 512 503 506 500 506 507 491 496 502 501
"243" 485 506 494 519 507 494 488 479 495 505 496 498 499 506 501 507 501 506 524 491
"244" 500 503 510 492 504 502 494 524 489 500 487 489 502 485 495 515 502 510 500 495
"245" 504 499 493 505 504 485 492 495 507 494 500 500 502 491 512 515 502 490 502 511
"246" 507 508 483 486 508 501 512 507 499 506 508 481 497 505 509 491 501 491 493 517
"247" 522 504 501 480 517 498 487 498 495 495 507 498 487 482 496 516 512 492 497 504
"248" 495 508 518 498 486 521 499 483 503 498 509 492 497 510 500 504 498 496 500 494
"249" 503 512 496 487 480 510 494 502 506 500 494 505 508 512 489 510 498 508 488 502
"250" 485 502 489 496 496 489 502 492 488 491 502 485 511 499 492 506 499 498 491 497
"251" 511 501 511 507 516 504 493 502 510 502 495 489 504 490 498 485 495 497 498 506
"252" 494 508 491 521 501 498 513 506 500 509 511 495 499 499 493 503 518 492 492 495
"253" 500 505 500 492 512 489 486 508 501 500 506 503 516 500 511 507 509 501 513 497
"254" 503 490 496 495 487 503 504 498 497 514 493 501 496 471 498 505 515 507 504 504
"255" 492 508 506 512 490 489 487 490 512 476 500 489 486 493 493 498 494 491 498 499
"256" 506 505 513 505 485 499 493 507 490 503 506 499 496 497 503 514 501 514 498 500
"257" 500 512 497 488 493 500 493 485 501 489 501 498 493 499 474 484 480 506 500 499
"258" 483 483 509 515 491 499 508 487 506 498 516 504 492 503 501 498 498 501 509 510
"259" 492 482 497 499 494 510 496 499 498 506 503 498 508 505 518 517 508 505 494 498
"260" 517 504 507 505 510 499 504 498 491 484 505 490 502 491 488 503 511 504 492 506
"261" 512 497 503 494 495 494 496 505 509 495 507 496 503 507 494 500 505 518 494 497
"262" 497 502 514 495 496 496 495 492 500 519 501 503 498 495 506 491 521 502 490 489
"263" 491 501 502 501 501 504 504 503 490 492 492 512 499 493 494 503 493 491 498 493
"264" 516 503 510 480 515 504 509 500 500 494 496 493 499 524 508 502 489 504 508 502
"265" 507 512 501 512 491 495 513 500 493 490 476 503 485 513 509 493 509 483 492 507
"266" 496 512 498 486 489 498 503 508 481 511 502 514 503 498 492 495 516 496 506 509
"267" 483 510 508 494 503 510 484 502 498 508 494 496 510 508 494 503 497 505 491 500
"268" 493 502 501 488 495 490 491 501 507 495 498 515 504 514 496 506 497 503 481 490
"269" 491 497 497 500 506 498 505 513 510 505 509 511 495 491 509 505 483 503 504 487
"270" 506 494 505 494 517 503 490 507 499 491 499 499 504 490 507 500 497 496 484 492
"271" 497 501 503 502 503 511 490 499 510 512 492 519 496 502 510 510 495 511 488 495
"272" 493 499 507 478 493 484 499 475 490 492 507 501 492 489 519 501 506 502 504 479
"273" 509 503 500 508 497 497 497 505 498 499 504 494 510 506 499 499 487 492 510 513
"274" 495 498 495 481 495 498 491 504 506 491 508 500 496 487 514 510 505 516 478 496
"275" 502 494 498 496 485 499 502 497 505 488 499 489 498 505 500 509 523 490 489 496
"276" 506 503 527 491 491 499 508 491 506 512 508 504 503 509 502 496 502 489 479 493
"277" 515 485 502 500 507 498 501 492 501 508 499 509 506 509 493 521 493 513 519 488
"278" 500 515 495 499 492 496 493 508 498 497 501 495 500 494 494 499 513 489 515 499
"279" 503 502 504 512 487 502 490 495 508 515 493 500 514 516 501 501 501 503 489 513
"280" 496 508 492 493 510 515 503 504 504 479 494 491 485 512 505 509 503 499 507 509
"281" 495 504 513 487 511 489 507 505 502 498 509 492 520 510 507 484 497 500 493 512
"282" 508 507 481 493 491 508 511 507 492 500 509 499 484 498 493 500 518 490 512 493
"283" 509 492 512 490 513 488 506 507 512 503 494 501 500 502 492 490 489 501 498 489
"284" 502 489 497 491 510 506 494 496 506 483 500 510 492 512 496 492 505 506 488 500
"285" 487 505 504 490 511 487 498 507 499 498 506 497 494 505 498 492 500 496 500 489
"286" 501 517 501 497 514 501 496 514 488 515 511 506 510 496 496 500 498 496 496 502
"287" 504 488 487 502 507 493 509 507 520 513 503 480 482 499 506 505 493 507 503 498
"288" 495 510 494 492 504 507 488 510 492 501 489 500 502 496 508 503 503 514 506 492
"289" 512 482 504 486 511 501 493 500 484 499 511 530 500 503 489 495 494 499 491 498
"290" 494 500 494 504 509 504 503 481 498 516 506 497 502 505 499 494 477 497 513 491
"291" 503 515 516 502 494 498 485 494 491 501 494 505 501 490 498 503 513 498 513 518
"292" 504 516 508 498 499 474 502 504 502 505 506 495 503 492 491 503 484 492 495 502
"293" 510 504 496 492 505 503 497 503 500 484 495 491 506 497 487 490 511 495 509 507
"294" 499 490 489 491 500 488 507 503 496 486 491 497 504 497 508 510 524 498 518 504
"295" 489 495 504 496 513 499 500 501 514 499 510 481 479 487 502 501 495 508 491 489
"296" 525 492 508 491 518 521 499 495 502 512 508 498 486 522 490 492 509 494 492 496
"297" 499 510 502 494 507 490 499 509 504 512 500 507 507 494 482 505 498 487 491 498
"298" 504 517 504 491 482 492 487 511 509 501 484 505 513 496 519 511 492 507 488 490
"299" 515 501 498 497 494 493 488 504 487 508 505 501 493 483 504 497 489 491 491 494
"300" 496 495 504 497 499 507 506 501 496 499 507 486 489 520 503 484 488 510 514 500
"301" 511 496 515 499 504 492 504 502 495 488 503 505 511 515 507 503 501 490 502 516
"302" 501 515 506 494 498 500 491 509 499 497 506 507 518 484 493 491 488 488 500 510
"303" 510 505 487 496 496 507 488 485 504 490 500 519 503 501 505 505 501 489 486 523
"304" 503 508 496 497 505 499 499 506 511 509 497 510 507 522 498 488 503 508 514 498
"305" 493 505 498 509 492 503 502 503 500 497 497 504 489 495 506 505 508 500 501 495
"306" 494 503 494 510 502 493 494 487 505 508 500 511 507 489 487 496 503 497 508 484
"307" 489 496 509 510 493 498 509 501 506 507 508 503 485 521 507 497 498 493 497 503
"308" 502 500 511 494 498 502 484 499 501 510 497 504 491 489 499 513 488 511 491 497
"309" 501 510 491 498 495 481 504 489 497 496 493 501 515 506 504 492 499 514 487 505
"310" 489 505 514 484 502 498 506 494 506 493 487 500 494 502 491 493 488 500 488 506
"311" 493 501 499 511 501 504 495 501 507 508 503 494 507 508 503 493 504 506 495 489
"312" 505 512 505 483 507 495 504 496 501 514 491 498 495 505 499 495 508 502 481 473
"313" 500 498 486 504 520 492 494 487 499 504 502 502 500 498 506 497 500 487 505 505
"314" 509 501 505 493 501 492 521 500 510 492 497 503 502 488 497 491 493 494 509 509
"315" 496 501 518 511 514 494 509 492 497 501 497 495 497 512 501 485 512 503 522 503
"316" 502 494 510 494 505 497 500 481 520 507 503 519 499 503 483 513 501 500 485 507
"317" 505 487 500 511 499 479 498 498 486 499 504 499 498 517 501 512 493 499 506 496
"318" 503 497 497 504 508 509 494 523 507 496 504 499 499 513 498 486 486 493 493 494
"319" 494 509 496 501 506 502 515 502 502 497 498 499 499 504 508 506 497 496 503 497
"320" 492 505 496 502 498 513 493 494 491 496 492 505 509 501 511 498 505 500 500 494
"321" 502 500 498 505 501 515 514 504 495 483 501 506 502 495 490 517 496 497 501 489
"322" 501 500 509 503 490 509 517 492 500 492 485 520 508 508 489 499 495 509 503 500
"323" 506 497 506 494 509 497 506 507 502 510 494 501 502 516 494 507 508 504 495 495
"324" 504 508 485 496 489 509 489 502 504 500 496 496 491 485 502 494 501 506 509 510
"325" 505 506 504 501 501 503 497 494 508 492 509 497 511 500 501 499 522 496 482 499
"326" 491 493 501 502 495 504 497 507 504 492 510 492 505 507 503 500 506 510 498 497
"327" 506 479 506 489 505 506 501 505 500 491 504 493 506 488 508 498 507 495 503 499
"328" 492 511 513 494 500 515 482 498 515 504 502 516 503 497 514 509 494 500 485 491
"329" 506 518 504 489 511 494 495 505 491 496 512 507 514 504 503 509 503 506 508 494
"330" 507 518 489 510 510 491 504 495 501 496 509 493 488 504 496 484 512 499 498 505
"331" 501 492 504 506 495 510 492 505 499 498 505 506 511 487 512 515 502 475 491 508
"332" 505 493 494 497 516 497 499 500 513 498 530 499 499 507 501 501 497 502 503 492
"333" 499 507 499 501 491 511 496 491 489 507 506 508 498 492 488 493 507 520 482 496
"334" 499 508 506 500 502 508 513 501 498 492 506 505 487 492 498 520 499 504 498 507
"335" 504 497 502 504 505 490 502 490 489 496 510 491 493 506 498 495 483 495 474 511
"336" 492 488 497 482 507 504 504 492 494 494 500 492 500 504 512 490 491 501 514 496
"337" 499 521 490 510 508 507 509 502 494 485 479 509 488 492 507 511 499 505 501 506
"338" 494 487 501 490 503 498 491 501 512 500 501 485 502 511 502 496 499 494 489 513
"339" 491 513 518 498 494 488 508 494 493 484 517 487 504 495 516 510 495 507 495 502
"340" 495 500 500 503 505 495 510 499 498 498 493 517 498 502 498 503 504 511 510 520
"341" 510 502 520 523 502 502 482 486 492 504 495 494 493 522 498 502 504 513 496 501
"342" 507 495 510 504 496 511 492 495 494 501 495 500 493 513 496 496 516 483 514 482
"343" 490 514 491 502 503 505 497 498 507 507 500 492 508 494 496 505 485 503 491 483
"344" 481 498 525 491 500 497 493 509 483 499 498 509 502 504 502 500 500 506 491 509
"345" 492 502 500 491 502 495 491 479 504 484 512 511 479 497 500 492 500 490 497 496
"346" 505 509 501 496 517 509 492 498 489 497 496 500 496 490 502 500 481 496 490 501
"347" 502 512 517 498 489 502 471 497 507 482 504 500 498 518 487 510 501 501 510 504
"348" 505 501 499 485 500 509 495 479 507 498 514 485 502 490 519 512 508 515 502 501
"349" 488 509 480 501 485 509 505 509 509 490 481 495 498 502 510 492 500 508 493 503
"350" 499 505 495 496 497 498 502 496 516 500 485 496 508 501 500 496 491 502 488 482
"351" 490 500 496 497 506 493 502 494 505 494 499 511 508 494 508 491 509 500 507 496
"352" 493 497 500 494 496 496 488 509 500 506 498 494 523 489 499 493 496 516 489 498
"353" 516 498 502 515 493 503 481 506 526 484 507 500 501 498 493 490 505 498 494 495
"354" 521 504 492 503 501 504 506 505 500 498 489 497 507 503 505 503 491 506 513 506
"355" 505 497 489 510 500 500 479 503 500 502 488 501 503 497 500 493 504 500 507 494
"356" 516 511 499 499 516 473 492 495 496 501 515 489 494 509 508 501 510 517 500 501
"357" 510 503 500 511 487 502 494 498 501 492 500 523 506 507 501 496 495 508 483 487
"358" 489 505 492 486 510 512 492 508 504 503 508 504 504 494 508 514 507 493 488 498
"359" 470 505 513 483 497 487 501 500 509 481 510 495 481 483 501 503 498 509 489 492
"360" 491 509 511 500 485 512 496 507 505 508 494 492 501 508 524 501 508 497 502 489
"361" 517 490 502 481 498 503 477 505 504 498 499 492 504 507 505 502 491 501 502 497
"362" 478 496 511 499 505 493 494 490 503 490 498 501 503 499 497 500 485 492 485 509
"363" 498 510 504 492 494 497 495 488 501 486 514 503 502 505 498 495 475 492 484 522
"364" 502 513 494 504 498 514 497 498 492 492 498 493 502 502 511 492 524 497 500 495
"365" 494 490 497 491 496 493 487 512 504 487 507 493 505 506 496 489 503 502 486 492
"366" 521 507 506 492 507 506 504 504 496 507 513 503 512 491 512 489 490 482 504 499
"367" 507 492 494 483 518 510 508 494 500 501 518 501 496 499 495 489 502 496 495 494
"368" 501 492 500 516 495 505 491 480 501 505 511 515 499 500 518 507 493 490 510 494
"369" 501 504 495 504 509 489 505 495 497 494 490 503 501 499 494 504 473 498 499 497
"370" 498 492 504 500 503 499 491 487 488 481 495 488 508 501 505 500 496 509 496 506
"371" 492 488 499 492 513 493 514 505 496 519 506 500 512 506 505 493 489 494 501 507
"372" 479 496 492 493 509 493 522 496 497 500 500 510 496 486 507 484 515 495 506 495
"373" 490 505 493 503 498 499 512 500 513 479 503 513 502 495 486 504 496 500 499 505
"374" 500 490 504 511 492 497 498 487 505 503 506 502 494 508 497 499 517 513 496 493
"375" 500 503 501 484 521 510 479 502 497 485 499 494 512 502 494 515 497 497 512 502
"376" 497 488 510 503 501 495 482 491 508 488 503 512 506 509 495 494 496 511 489 490
"377" 502 504 508 509 502 494 510 503 498 501 499 516 501 532 486 493 499 499 489 489
"378" 502 511 493 501 514 485 498 505 497 500 499 498 504 505 491 508 501 501 503 501
"379" 515 512 514 488 487 485 492 501 504 502 497 500 500 510 495 504 509 493 500 490
"380" 507 490 483 522 519 497 491 479 498 501 496 502 523 507 513 497 514 484 505 496
"381" 507 501 485 477 509 495 503 497 495 499 498 497 487 514 494 493 489 494 496 488
"382" 505 519 518 491 504 519 496 518 502 502 496 503 508 489 497 504 496 503 501 487
"383" 506 512 502 514 499 495 490 506 497 502 505 508 501 502 493 506 494 500 507 489
"384" 494 506 501 499 485 496 508 494 482 492 501 506 502 496 512 504 503 506 508 491
"385" 493 507 498 497 503 487 495 488 493 501 508 499 511 499 492 515 500 513 497 499
"386" 512 510 500 501 505 519 508 488 508 495 484 496 499 505 485 493 490 492 493 497
"387" 505 504 484 510 494 505 496 518 483 489 502 508 498 504 502 492 500 489 486 493
"388" 504 488 515 490 510 484 517 490 506 501 486 503 493 504 503 500 500 487 498 508
"389" 517 495 506 490 504 507 496 488 491 481 496 496 496 502 498 509 494 498 508 507
"390" 501 503 515 505 495 496 495 500 506 506 485 500 487 490 502 490 512 508 500 508
"391" 506 506 498 500 499 499 491 482 504 484 507 490 509 502 499 511 505 501 514 503
"392" 499 500 505 496 483 502 502 476 500 497 505 493 504 488 510 500 504 506 501 492
"393" 501 491 495 495 495 495 511 504 482 498 491 492 492 489 502 506 485 482 500 484
"394" 494 509 516 482 505 510 524 476 501 503 509 515 511 499 500 516 502 503 501 502
"395" 517 521 503 489 504 505 490 494 492 494 489 502 495 500 497 512 500 485 505 504
"396" 508 500 512 480 516 505 500 500 494 492 498 496 499 511 498 505 512 491 486 489
"397" 497 498 507 506 511 505 502 485 500 513 501 501 507 522 485 488 505 499 490 505
"398" 495 516 519 491 501 486 503 492 503 499 503 476 479 505 503 517 487 501 492 499
"399" 499 509 509 491 489 503 501 498 480 499 497 502 495 510 500 499 506 494 505 498
"400" 489 517 490 509 498 505 486 508 503 497 516 508 499 496 502 506 526 512 508 504
"401" 494 498 500 509 504 503 501 504 500 513 506 500 486 512 491 499 476 504 519 494
"402" 491 500 485 503 497 490 515 486 507 476 497 506 507 491 492 500 504 483 513 490
"403" 493 515 502 522 508 494 508 527 507 502 488 513 502 500 496 500 504 500 512 503
"404" 518 510 506 503 493 477 511 515 515 508 497 480 490 520 496 509 499 501 501 500
"405" 505 507 505 488 490 492 507 508 520 498 503 505 490 520 498 493 500 503 499 509
"406" 495 498 512 493 505 495 489 488 506 501 497 498 496 499 511 488 500 490 491 497
"407" 496 511 503 513 497 490 484 504 492 508 504 498 492 493 505 514 491 500 490 496
"408" 480 500 512 496 498 507 509 499 504 498 504 517 509 503 493 496 497 487 500 487
"409" 496 506 497 507 500 479 513 504 500 498 499 495 497 507 504 505 495 506 491 493
"410" 490 500 508 501 508 499 503 507 499 498 510 508 506 507 496 503 501 501 475 492
"411" 488 493 516 497 498 512 498 485 496 500 506 517 504 509 496 498 507 484 499 491
"412" 506 506 498 494 498 514 490 486 504 509 506 506 494 490 495 506 495 490 506 490
"413" 482 491 490 491 508 493 494 488 521 501 501 500 515 500 497 484 501 498 503 503
"414" 508 510 500 502 489 513 506 493 495 499 504 504 504 492 517 496 511 502 496 487
"415" 504 509 501 494 518 490 484 506 504 499 511 501 503 519 491 489 495 481 500 490
"416" 500 497 501 501 504 502 499 502 497 504 494 498 520 498 509 500 496 484 498 508
"417" 495 501 508 494 502 484 505 492 508 510 503 502 512 503 489 499 495 515 488 509
"418" 504 505 512 506 503 496 492 494 501 496 521 517 487 497 507 514 492 490 506 489
"419" 504 504 513 501 491 490 476 505 501 492 496 510 510 509 517 488 510 498 501 501
"420" 509 495 493 497 499 496 486 521 503 493 508 505 505 495 511 518 493 498 499 498
"421" 518 506 492 498 496 472 497 505 510 492 519 513 489 496 500 512 506 494 494 496
"422" 497 518 490 496 487 499 498 502 503 477 500 503 502 492 497 486 510 491 501 489
"423" 483 498 506 508 493 503 503 494 502 506 494 504 500 495 511 509 497 501 505 491
"424" 507 498 499 484 502 495 497 501 488 484 490 505 486 501 513 505 502 488 489 503
"425" 490 490 487 496 494 497 509 503 494 508 487 505 502 501 508 510 509 484 493 489
"426" 504 513 500 485 487 498 501 501 499 505 505 500 505 490 506 500 487 484 500 499
"427" 482 512 502 496 508 492 495 493 496 519 512 495 503 511 493 496 514 500 510 497
"428" 511 514 503 482 510 497 486 505 501 500 508 482 501 495 498 498 513 507 478 497
"429" 492 497 500 492 508 508 491 501 496 480 505 502 513 505 512 503 495 493 499 498
"430" 508 499 480 471 496 492 506 499 515 486 511 509 491 513 478 491 490 499 488 479
"431" 519 506 502 492 502 507 502 506 483 496 499 492 495 488 504 512 503 487 495 497
"432" 510 511 512 507 504 504 476 500 494 499 499 478 493 491 500 510 492 480 513 519
"433" 495 497 507 500 506 508 497 498 521 515 506 486 509 510 503 492 498 497 499 491
"434" 488 510 503 495 488 487 482 501 480 488 496 494 488 501 505 505 507 507 493 508
"435" 495 502 498 494 489 521 485 493 491 496 497 489 501 504 497 501 494 485 487 502
"436" 490 484 496 491 488 501 496 486 505 508 492 504 485 510 482 508 511 484 509 508
"437" 502 492 474 494 505 501 500 500 497 485 514 498 499 504 498 499 500 500 497 503
"438" 519 508 504 484 506 509 504 501 500 501 503 496 506 494 501 512 488 500 497 508
"439" 498 502 502 511 503 515 495 497 501 481 504 504 513 506 501 493 495 492 487 515
"440" 485 514 512 495 513 503 498 502 499 500 494 498 484 496 494 515 502 506 489 485
"441" 495 516 501 493 502 502 501 513 512 503 511 497 509 499 489 499 488 506 498 495
"442" 512 506 510 508 488 502 517 488 487 504 503 505 503 500 483 514 492 505 498 495
"443" 500 504 514 492 491 504 504 500 503 495 492 499 509 500 493 503 476 485 498 518
"444" 507 501 503 476 502 499 493 503 479 492 509 503 506 504 502 490 522 489 493 493
"445" 501 511 496 501 486 493 509 505 496 510 504 513 516 501 502 491 496 496 493 520
"446" 517 512 504 500 485 495 498 502 490 498 492 505 514 503 514 514 498 489 497 497
"447" 481 494 521 502 497 493 508 485 493 497 493 507 496 502 501 501 513 504 497 513
"448" 490 518 499 512 506 509 494 496 495 492 481 504 494 495 496 512 501 518 494 498
"449" 507 522 517 492 505 504 492 511 495 501 490 504 495 506 480 515 496 505 493 496
"450" 505 500 497 484 493 493 494 487 515 492 501 500 505 504 497 506 494 505 502 512
"451" 501 509 492 494 505 506 492 518 503 504 513 483 503 506 510 509 507 501 494 499
"452" 482 513 497 488 501 505 508 506 515 501 504 496 518 504 509 495 503 486 501 488
"453" 511 496 521 499 512 485 485 520 494 490 492 494 491 509 505 516 516 510 490 508
"454" 494 493 487 509 513 504 485 497 504 507 495 504 499 500 511 499 515 492 497 498
"455" 496 504 500 502 503 499 501 506 486 497 502 491 502 511 510 504 521 501 492 499
"456" 505 495 507 503 500 494 507 493 512 499 508 495 496 509 505 520 489 495 497 497
"457" 498 486 493 501 503 511 493 510 519 493 503 497 500 487 500 490 506 503 491 498
"458" 493 509 509 498 497 493 485 494 509 479 502 510 490 508 509 510 497 503 472 503
"459" 510 509 503 491 505 502 488 506 512 489 514 499 498 498 504 503 490 504 487 507
"460" 508 486 498 500 502 505 496 494 500 509 500 508 523 502 494 501 507 510 498 502
"461" 495 510 496 512 483 484 486 506 509 500 507 489 494 486 500 493 501 494 512 499
"462" 494 503 494 508 510 492 484 492 495 516 489 508 515 502 500 478 504 491 491 503
"463" 511 504 496 500 494 507 500 506 504 512 516 486 505 510 514 501 503 510 492 493
"464" 511 515 497 506 508 494 498 480 506 507 517 503 507 495 509 522 493 504 490 489
"465" 501 494 491 482 500 496 498 501 488 490 511 510 504 513 501 491 483 497 502 468
"466" 505 518 509 499 501 501 509 505 505 496 498 495 507 486 497 500 483 498 499 495
"467" 506 505 520 491 503 503 519 511 512 478 508 518 503 504 491 507 490 507 494 504
"468" 508 506 493 502 499 507 500 493 497 500 502 483 508 508 516 491 507 496 512 505
"469" 495 508 507 505 501 510 493 505 492 492 496 503 499 508 506 507 498 484 486 501
"470" 495 490 514 498 497 507 500 488 493 502 516 503 493 497 504 514 500 491 473 502
"471" 487 499 497 508 508 512 507 494 494 518 493 487 489 484 501 496 498 509 489 490
"472" 501 494 492 514 493 501 497 500 508 508 510 492 507 495 485 515 499 491 497 505
"473" 501 510 502 505 499 505 500 505 507 516 510 501 495 507 509 494 498 495 513 491
"474" 491 497 490 491 496 485 494 515 501 489 487 514 501 499 486 507 495 498 505 519
"475" 490 494 494 497 492 504 493 511 496 496 499 499 489 495 489 500 518 484 501 486
"476" 513 495 498 501 503 493 491 505 508 488 500 505 489 478 505 504 505 500 494 504
"477" 487 511 498 506 522 493 503 508 501 497 498 497 507 502 514 494 502 496 519 502
"478" 509 492 499 496 496 499 497 492 493 508 490 497 490 484 488 497 506 499 512 493
"479" 515 498 502 504 512 505 492 492 513 500 480 503 498 496 500 519 500 498 492 497
"480" 503 492 497 512 494 500 507 508 492 497 509 508 496 499 497 483 492 494 497 486
"481" 495 497 500 501 495 492 507 506 521 492 510 499 495 490 506 495 497 492 493 499
"482" 499 513 484 498 509 497 496 493 508 498 496 514 504 526 494 497 509 498 489 486
"483" 492 506 496 494 488 493 497 498 494 494 489 492 501 503 486 499 500 495 512 512
"484" 506 487 493 489 486 499 514 490 509 507 515 496 511 508 508 499 511 497 512 493
"485" 505 503 481 497 508 492 489 497 487 488 498 488 510 501 490 496 504 497 494 504
"486" 508 500 495 502 523 518 490 504 500 510 516 497 496 499 495 489 499 507 483 491
"487" 507 511 506 470 501 496 488 511 515 491 490 500 491 502 511 485 512 509 479 496
"488" 512 502 508 496 493 498 492 516 501 523 507 494 485 498 511 499 507 510 488 488
"489" 494 508 519 501 505 509 500 503 486 511 485 490 502 505 488 511 506 505 503 498
"490" 513 500 499 491 502 494 486 493 493 513 501 493 507 512 501 509 502 491 498 493
"491" 488 500 483 499 489 522 496 492 504 498 489 514 511 507 501 497 494 503 502 505
"492" 499 508 516 501 503 500 506 491 485 500 497 505 497 504 490 495 492 500 512 485
"493" 503 506 501 507 507 511 498 500 493 500 496 485 502 497 497 489 501 496 473 484
"494" 508 482 508 500 497 513 498 505 502 486 507 484 513 506 492 505 498 506 492 500
"495" 503 509 486 504 503 495 493 490 506 508 497 503 495 503 506 501 499 507 493 492
"496" 487 509 502 510 489 513 481 501 506 508 500 499 508 502 500 490 499 516 485 491
"497" 495 512 503 498 514 509 498 492 507 514 490 493 495 506 512 500 513 508 521 486
"498" 486 499 482 488 496 511 494 506 504 486 495 511 511 492 509 498 497 508 511 506
"499" 483 496 486 476 513 506 487 492 502 504 505 513 510 506 495 515 499 503 491 507
"500" 499 505 508 500 513 504 490 497 510 508 499 496 498 492 501 509 499 498 496 471
"501" 501 499 504 511 510 506 485 508 502 491 495 502 501 496 490 506 504 504 524 494
"502" 506 498 511 508 503 498 474 501 490 483 496 509 499 514 502 509 481 512 483 509
"503" 501 489 511 492 505 501 506 499 489 501 503 514 515 491 495 501 502 496 497 519
"504" 505 509 493 496 499 491 476 487 494 500 503 505 504 478 491 508 491 503 491 494
"505" 516 495 511 503 519 507 484 500 499 495 504 494 501 508 498 506 521 491 512 486
"506" 506 518 502 496 501 497 510 500 500 504 502 495 502 485 497 498 488 504 502 490
"507" 488 512 488 489 494 492 503 498 499 513 505 506 499 512 474 506 484 515 487 506
"508" 508 500 493 487 499 519 498 495 500 495 508 509 518 513 505 517 506 504 500 490
"509" 502 507 508 511 505 493 497 518 514 495 516 505 480 517 507 498 490 498 504 481
"510" 501 495 494 489 503 505 501 510 498 515 495 503 494 501 483 484 508 510 501 493
"511" 506 493 500 481 506 494 502 491 504 492 502 498 487 499 501 514 496 487 495 480
"512" 487 518 496 500 504 502 499 496 497 489 499 508 511 512 517 513 497 505 514 492
"513" 510 520 504 509 504 515 505 497 504 507 490 502 493 495 508 496 502 502 506 492
"514" 489 509 500 502 498 508 494 486 501 497 518 500 506 482 516 513 504 511 506 503
"515" 499 504 501 495 499 511 479 499 509 505 491 504 501 490 500 512 489 501 496 487
"516" 482 496 507 504 492 494 493 498 503 492 503 502 500 514 488 503 500 477 486 497
"517" 496 505 501 514 511 508 496 491 507 502 507 484 508 488 483 510 500 492 515 488
"518" 481 519 489 497 507 503 498 500 503 493 518 481 494 500 492 501 507 516 503 508
"519" 499 503 501 494 490 490 500 523 502 501 494 503 503 484 503 489 505 501 494 499
"520" 483 497 491 494 499 507 490 501 494 500 499 506 493 492 502 516 484 498 487 511
"521" 505 496 497 509 511 499 493 503 498 508 502 491 496 486 503 514 496 505 504 517
"522" 497 500 511 491 509 485 500 502 498 505 503 503 515 505 513 504 496 506 495 498
"523" 511 491 491 498 503 489 495 496 503 501 508 507 490 508 497 490 496 503 508 495
"524" 501 481 482 505 495 501 495 510 486 500 501 514 508 500 493 501 534 484 500 497
"525" 493 505 496 491 508 485 494 504 500 502 511 525 485 489 507 498 516 500 500 477
"526" 497 507 493 498 484 488 489 497 507 525 494 496 505 485 497 491 505 500 493 518
"527" 489 492 510 498 495 492 490 494 503 499 505 500 501 504 499 504 495 488 506 506
"528" 511 496 509 507 489 498 508 505 508 495 496 505 500 496 492 501 500 518 497 487
"529" 512 491 489 481 505 505 495 518 490 491 499 480 487 496 495 511 520 492 505 507
"530" 506 496 494 494 495 498 505 508 499 495 496 503 505 493 492 488 500 484 485 506
"531" 513 514 499 490 488 502 506 492 498 495 497 477 487 494 506 501 505 511 493 498
"532" 490 502 494 494 497 506 512 507 512 506 498 510 500 503 511 509 512 502 500 502
"533" 504 499 498 488 500 486 502 504 504 501 510 508 494 491 498 505 505 510 508 490
"534" 501 502 498 497 489 512 487 500 484 512 499 505 492 498 504 502 490 508 484 498
"535" 507 476 501 492 481 484 488 503 498 482 515 511 501 487 504 494 498 492 503 476
"536" 507 478 496 490 505 511 494 508 491 490 505 502 490 490 495 501 485 489 493 509
"537" 489 498 515 503 493 497 501 509 513 496 508 508 505 505 500 505 492 493 503 504
"538" 506 485 500 490 500 510 505 486 490 496 503 507 521 504 510 505 514 489 494 495
"539" 506 486 494 510 505 498 507 505 507 504 501 495 505 506 490 497 511 507 496 487
"540" 494 506 478 508 507 493 501 508 511 499 497 504 509 517 493 502 485 495 493 495
"541" 507 507 510 492 515 504 492 504 495 499 513 500 499 512 501 512 497 488 511 486
"542" 503 491 489 494 496 510 485 515 488 497 512 515 488 485 494 495 509 510 488 516
"543" 506 502 500 523 504 504 490 514 500 501 488 507 496 490 496 488 502 516 500 496
"544" 496 494 500 505 501 488 493 508 496 494 509 507 485 500 507 508 496 483 488 489
"545" 513 502 491 495 500 487 488 489 507 513 517 495 509 502 505 493 498 492 497 493
"546" 494 510 493 518 508 501 496 497 492 513 488 511 510 504 500 509 492 502 498 500
"547" 501 493 517 495 496 490 505 487 499 497 493 507 488 490 501 503 503 516 495 493
"548" 517 497 497 507 485 501 498 500 494 506 510 512 506 497 486 519 503 502 492 487
"549" 520 488 493 505 493 499 499 498 482 494 496 497 493 497 509 511 513 498 505 489
"550" 490 490 504 507 506 499 501 486 493 504 491 498 496 501 497 484 505 485 499 502
"551" 489 508 506 501 509 493 479 487 478 506 510 500 519 484 501 509 498 518 499 524
"552" 509 508 504 493 501 508 488 494 493 474 506 493 484 512 505 497 510 502 490 501
"553" 504 493 496 512 476 520 489 498 515 483 495 490 502 515 508 498 502 490 489 491
"554" 481 504 499 497 494 496 494 508 502 502 500 509 502 517 494 500 497 496 500 500
"555" 489 485 513 497 490 499 507 499 516 513 481 495 515 515 502 506 488 495 501 494
"556" 509 508 508 508 472 489 517 482 501 502 496 500 514 491 511 499 504 497 500 490
"557" 502 524 506 498 522 501 498 503 493 491 504 484 478 500 506 488 505 496 508 487
"558" 524 491 511 510 482 520 492 481 495 485 509 501 498 507 510 509 515 496 491 499
"559" 501 503 489 491 504 502 506 510 497 501 487 522 505 505 520 503 499 505 492 509
"560" 483 499 482 512 515 489 492 509 506 510 490 507 501 498 508 491 513 502 507 495
"561" 523 494 498 482 492 510 514 493 495 499 507 511 496 503 494 497 511 503 494 521
"562" 504 509 502 512 505 497 494 488 492 486 506 499 482 503 507 504 493 502 506 498
"563" 504 511 510 493 488 485 502 487 498 515 514 512 511 501 488 502 521 515 489 495
"564" 502 494 486 498 500 507 515 499 494 497 497 514 487 506 517 493 502 501 501 502
"565" 510 513 498 490 505 493 492 493 488 503 505 500 488 509 499 500 483 487 502 495
"566" 505 496 487 493 485 501 495 502 519 496 504 492 497 497 499 502 521 500 499 512
"567" 503 485 509 500 516 493 507 503 500 498 500 494 504 496 504 478 491 508 498 490
"568" 499 504 485 495 491 491 498 495 483 499 491 481 509 512 494 500 493 503 493 489
"569" 505 508 517 498 505 502 496 500 498 492 515 503 492 503 510 531 493 507 505 486
"570" 491 492 497 496 498 486 503 497 498 488 484 512 507 509 504 514 503 523 496 511
"571" 505 499 504 514 498 511 503 510 506 501 524 490 481 517 515 495 516 492 500 490
"572" 499 501 501 477 501 501 494 510 510 511 505 498 499 517 497 505 494 508 503 500
"573" 508 506 506 489 504 502 512 491 506 488 490 513 495 492 501 496 500 483 507 498
"574" 513 498 516 500 517 497 487 493 488 495 490 496 507 503 495 491 501 496 492 522
"575" 488 512 503 504 496 520 496 499 506 482 515 495 505 493 501 504 492 492 494 510
"576" 501 511 501 496 507 494 501 498 490 492 526 509 501 510 500 498 504 508 482 500
"577" 494 498 506 495 496 499 493 511 491 509 494 509 490 498 476 503 500 487 492 497
"578" 500 488 500 494 510 502 477 496 499 498 502 499 502 493 496 485 501 494 519 493
"579" 484 502 517 489 496 510 492 507 508 494 509 495 485 513 508 507 504 495 492 527
"580" 487 501 515 501 496 512 501 513 515 486 500 497 503 510 504 484 502 512 520 492
"581" 511 503 486 506 487 491 489 493 501 512 503 509 499 479 506 504 505 498 497 519
"582" 506 506 505 512 495 507 487 494 508 500 486 497 508 509 497 495 500 502 488 494
"583" 485 506 503 515 502 498 485 493 520 507 503 503 491 506 495 488 511 495 491 508
"584" 482 495 495 483 482 503 492 504 498 489 506 508 523 511 484 512 489 510 512 498
"585" 503 498 504 505 504 502 498 506 498 479 520 495 507 502 491 493 497 485 480 501
"586" 502 493 480 494 488 490 476 492 515 495 490 518 509 515 497 494 492 509 514 500
"587" 498 494 496 514 502 498 515 481 500 502 513 500 527 491 496 495 501 499 492 492
"588" 493 494 495 485 491 501 493 490 494 508 504 502 511 494 488 507 517 511 495 507
"589" 499 504 490 486 499 496 501 504 502 492 501 492 490 492 490 496 514 498 494 504
"590" 501 501 500 503 503 497 496 504 508 491 484 494 496 505 504 497 506 514 493 488
"591" 503 510 498 488 489 506 490 505 512 504 487 503 505 491 496 511 502 500 510 505
"592" 503 510 500 502 512 493 486 496 496 514 488 506 513 498 504 492 503 491 508 497
"593" 509 504 493 500 494 516 506 498 489 501 491 508 500 504 499 501 500 494 501 492
"594" 493 514 489 496 507 509 504 511 509 502 496 494 491 508 476 500 517 481 499 503
"595" 508 508 499 496 496 496 509 506 496 510 496 509 509 499 504 497 507 500 503 487
"596" 503 500 489 496 500 520 510 498 492 509 498 506 493 492 499 498 517 489 504 499
"597" 507 485 494 497 514 501 494 514 506 498 516 507 503 499 495 493 493 511 493 492
"598" 496 499 502 493 485 497 479 487 494 497 487 498 505 489 497 504 515 496 513 509
"599" 504 496 486 509 500 503 483 504 501 487 507 502 507 510 494 501 516 505 500 497
"600" 502 512 492 507 490 498 508 507 485 505 501 502 491 512 496 498 497 507 503 504
"601" 486 495 490 506 500 487 494 497 501 499 498 514 499 506 512 497 512 498 502 499
"602" 485 496 486 499 489 492 496 493 498 509 505 499 485 508 490 504 493 487 487 498
"603" 501 503 500 514 500 505 477 504 511 503 508 498 494 503 497 494 492 499 500 500
"604" 516 492 488 502 507 501 510 487 502 482 496 490 498 504 514 512 505 493 486 510
"605" 503 502 483 487 497 505 504 522 499 502 506 498 503 488 480 488 483 510 485 505
"606" 500 509 483 478 479 499 504 479 512 503 504 519 514 513 499 522 492 496 491 488
"607" 501 510 507 493 490 501 496 494 492 505 496 486 490 518 498 514 500 500 512 500
"608" 500 526 514 508 499 482 485 506 502 508 504 493 500 502 490 492 492 497 502 479
"609" 489 496 499 490 499 487 512 466 492 500 493 488 472 507 481 496 497 504 504 506
"610" 489 490 497 501 474 501 483 507 511 494 492 506 505 492 513 495 511 509 496 503
"611" 493 496 491 502 501 503 503 501 505 501 504 494 511 501 494 505 493 506 496 496
"612" 499 512 482 502 496 507 493 481 510 494 502 496 513 504 504 503 494 512 479 490
"613" 482 515 491 493 490 509 504 501 504 501 488 503 492 504 510 488 507 507 497 506
"614" 507 512 488 498 510 479 498 494 493 502 503 507 517 498 511 499 496 498 505 501
"615" 505 492 488 497 505 487 486 504 519 500 494 508 500 503 505 501 495 505 496 481
"616" 512 497 494 504 495 502 511 500 509 512 501 498 495 505 497 497 504 500 477 504
"617" 510 520 516 499 518 489 508 507 503 488 510 490 504 510 498 502 495 512 498 493
"618" 509 497 490 501 493 497 503 483 518 490 505 511 507 499 497 511 514 505 499 494
"619" 502 490 509 496 511 506 495 492 491 509 500 499 479 508 493 505 515 494 477 497
"620" 522 501 490 496 501 506 497 505 509 483 523 518 509 501 493 495 507 486 516 499
"621" 496 502 489 487 510 527 510 504 504 505 499 515 490 507 502 494 499 513 488 505
"622" 514 514 500 496 505 514 508 516 496 501 496 497 497 505 508 502 500 518 484 513
"623" 506 490 512 507 513 487 501 501 504 502 498 495 486 492 504 486 482 505 490 501
"624" 505 509 502 493 514 511 511 499 517 499 499 498 489 501 499 502 491 484 496 501
"625" 516 503 493 486 507 495 498 502 504 512 496 484 500 504 497 503 499 490 492 506
"626" 501 506 507 502 502 496 510 498 484 489 498 513 496 491 510 504 504 506 480 503
"627" 518 497 493 501 511 495 499 502 499 511 498 502 500 511 509 494 501 503 484 508
"628" 522 498 518 500 500 482 496 468 508 499 493 498 519 503 493 489 500 506 492 514
"629" 488 494 511 497 494 501 497 489 503 494 503 496 499 507 497 486 490 507 506 494
"630" 499 499 495 494 505 499 497 502 509 513 497 491 499 503 495 505 514 506 493 506
"631" 502 505 477 488 487 505 497 488 503 496 499 491 501 493 491 504 500 506 494 482
"632" 516 495 492 504 517 509 487 506 492 517 500 493 507 494 507 505 497 515 492 500
"633" 486 492 504 505 481 514 498 505 504 503 502 505 499 513 506 490 497 512 503 513
"634" 503 507 515 488 499 509 500 494 511 495 506 493 496 501 488 516 493 492 531 495
"635" 509 490 495 496 494 488 502 504 500 515 498 502 486 486 495 506 502 508 497 510
"636" 498 506 499 504 505 506 498 498 488 492 506 518 509 523 493 494 499 510 501 507
"637" 492 510 519 503 512 494 497 499 492 507 501 510 506 514 511 472 497 520 514 501
"638" 525 497 509 491 503 506 509 512 504 518 506 500 518 505 496 494 512 488 488 503
"639" 488 498 505 507 514 506 483 497 502 491 509 500 505 500 492 493 495 494 504 500
"640" 484 513 500 514 494 509 515 500 505 494 496 511 487 503 511 500 494 515 488 498
"641" 494 510 507 496 498 518 492 516 496 507 502 500 496 507 509 513 507 499 495 500
"642" 512 490 495 488 493 502 499 502 512 495 497 504 487 516 500 505 475 500 501 496
"643" 509 499 501 487 499 498 491 485 506 510 499 518 511 487 503 502 498 508 508 511
"644" 499 500 483 497 512 487 493 489 494 492 502 509 506 490 507 495 502 500 497 503
"645" 503 505 495 491 496 484 487 508 487 513 498 504 503 487 510 500 507 508 495 488
"646" 482 494 480 504 477 515 491 510 500 500 485 500 490 512 488 504 506 500 491 506
"647" 504 510 500 494 506 490 513 490 497 493 479 496 499 507 508 494 510 498 499 510
"648" 506 500 523 502 516 489 498 518 496 489 502 500 496 494 487 492 492 488 503 490
"649" 488 506 515 503 521 479 489 482 486 515 500 519 505 493 490 505 496 503 511 502
"650" 503 519 510 492 509 502 499 495 482 511 516 492 505 490 509 495 492 497 497 498
"651" 507 483 492 484 498 506 494 494 504 490 505 498 494 498 501 504 501 490 489 505
"652" 493 494 499 489 507 509 499 504 500 514 502 473 494 495 503 501 475 503 533 505
"653" 476 512 509 493 502 503 489 501 505 500 494 502 496 496 500 502 503 504 491 486
"654" 482 484 489 494 492 500 503 487 510 501 509 517 504 503 498 509 505 508 496 503
"655" 506 496 502 490 499 486 498 500 494 502 510 510 502 514 491 501 512 507 508 501
"656" 512 516 484 513 509 498 495 500 507 493 494 511 487 491 498 502 507 502 508 509
"657" 502 511 502 506 507 507 496 496 498 491 503 498 520 495 505 502 486 497 492 512
"658" 503 495 494 494 490 500 490 510 501 482 484 499 498 493 503 520 509 505 509 485
"659" 495 490 493 503 513 499 485 523 502 486 506 508 505 496 504 497 513 500 494 501
"660" 502 497 507 507 486 501 489 507 508 512 490 501 506 499 495 480 521 510 506 494
"661" 487 513 512 482 501 505 503 503 512 500 517 506 502 487 496 493 500 503 501 509
"662" 506 496 512 507 506 506 490 498 492 485 508 507 494 500 514 502 527 497 494 496
"663" 502 496 510 503 487 511 486 497 495 520 483 506 501 503 505 520 498 493 486 497
"664" 498 505 484 504 503 495 495 509 504 511 498 499 495 509 494 504 511 504 501 496
"665" 494 497 497 485 489 498 525 490 509 501 509 499 498 508 493 496 498 511 508 488
"666" 498 500 493 496 511 504 491 495 492 480 505 483 501 491 499 503 501 505 491 491
"667" 501 508 490 497 510 492 484 488 508 492 501 515 497 492 507 486 510 507 501 491
"668" 476 491 496 510 493 496 497 502 498 494 486 494 499 505 503 505 502 501 485 494
"669" 499 497 504 494 504 501 491 499 504 490 498 516 498 498 495 506 484 498 493 495
"670" 515 508 493 502 499 507 494 502 493 497 501 500 513 499 508 491 488 503 504 480
"671" 518 519 500 494 492 505 505 501 512 491 500 489 507 498 494 487 499 509 499 503
"672" 510 509 502 504 490 495 517 501 523 498 518 493 520 508 500 512 521 500 497 506
"673" 519 492 486 489 491 504 511 508 500 483 503 501 502 500 509 502 515 503 507 495
"674" 496 492 500 503 492 495 498 490 507 491 496 500 499 487 486 484 494 477 494 507
"675" 497 495 489 506 506 503 488 499 486 508 505 499 503 498 505 500 503 501 503 509
"676" 499 510 510 498 514 497 490 495 499 506 508 492 495 499 504 493 492 508 510 501
"677" 505 507 506 505 499 496 502 505 496 496 489 513 494 508 502 501 513 493 504 493
"678" 504 514 504 492 496 511 507 507 505 501 504 498 490 503 509 502 503 505 481 499
"679" 514 500 485 480 503 497 495 488 502 492 508 512 491 516 509 512 494 501 495 493
"680" 520 496 491 498 527 501 501 496 497 494 501 513 508 498 505 506 506 499 494 503
"681" 504 502 488 492 512 487 505 498 501 508 503 499 493 498 495 498 524 505 506 504
"682" 515 504 496 498 514 496 505 499 501 498 502 515 500 505 483 477 493 506 492 488
"683" 503 505 511 491 502 500 504 519 502 501 516 504 488 498 487 513 492 502 484 504
"684" 504 493 509 518 497 505 508 491 514 504 497 478 491 503 500 489 520 489 510 483
"685" 503 504 491 507 511 502 483 497 491 500 508 521 494 498 516 500 495 499 505 506
"686" 506 505 493 516 509 492 493 488 494 519 499 502 507 508 512 510 508 503 486 495
"687" 491 493 491 504 497 490 488 506 497 513 492 494 511 508 504 498 496 485 499 511
"688" 494 479 508 473 517 508 483 495 496 504 501 510 521 505 492 518 497 490 486 503
"689" 502 511 509 484 510 494 509 501 498 513 493 504 493 494 504 501 486 506 501 503
"690" 502 508 501 510 516 496 495 494 508 495 502 507 502 488 494 517 500 497 492 502
"691" 504 500 502 498 514 497 488 502 498 511 511 504 518 502 494 508 499 502 488 489
"692" 484 510 500 494 506 501 497 511 490 523 512 510 501 505 503 497 484 495 489 513
"693" 509 495 507 516 502 496 495 496 482 482 498 497 501 506 503 507 479 495 500 488
"694" 521 502 510 491 503 490 484 507 509 502 498 500 484 504 505 484 526 511 491 497
"695" 497 498 513 504 513 500 511 503 498 501 499 518 501 512 508 518 502 503 497 507
"696" 506 500 512 493 485 493 496 481 509 507 510 512 497 513 500 526 486 510 516 489
"697" 501 521 500 492 477 497 505 513 506 494 488 511 496 482 495 500 488 482 493 491
"698" 504 508 502 492 488 496 507 513 506 484 493 496 491 484 510 495 500 506 495 517
"699" 512 497 508 504 512 510 517 497 488 496 491 508 510 497 503 498 496 497 481 490
"700" 504 493 503 506 507 487 500 506 502 502 493 515 501 505 495 492 495 508 507 494
"701" 494 478 496 498 504 492 502 500 493 497 509 514 503 506 493 495 516 486 507 479
"702" 497 495 488 500 492 506 507 499 505 511 514 502 484 508 493 505 487 497 505 493
"703" 513 497 517 489 502 498 500 497 490 507 504 503 502 499 503 515 492 510 511 508
"704" 504 499 503 498 491 498 501 484 504 518 493 497 501 508 494 507 491 491 496 479
"705" 500 515 500 496 503 497 498 493 491 495 500 504 508 513 490 497 508 507 503 525
"706" 499 510 506 491 504 496 493 495 513 489 501 501 494 516 490 486 507 495 505 493
"707" 501 500 502 509 494 502 489 505 499 508 498 495 487 523 501 505 505 500 497 496
"708" 481 509 490 502 496 497 502 503 498 487 504 487 501 514 493 497 489 493 498 513
"709" 507 499 485 499 498 499 501 497 511 499 504 504 502 490 511 498 501 487 498 509
"710" 495 495 497 504 496 504 504 520 501 491 514 507 487 500 491 507 511 494 502 498
"711" 489 513 497 507 501 502 497 506 506 505 513 487 515 512 512 501 488 508 494 503
"712" 505 497 503 481 508 494 500 506 507 498 503 503 494 512 498 509 511 504 497 491
"713" 496 495 499 514 502 493 494 489 521 509 506 504 516 500 489 507 495 500 492 513
"714" 507 485 488 493 496 481 509 504 512 499 516 490 490 503 479 496 505 496 492 490
"715" 504 488 501 490 501 501 499 497 491 499 493 500 501 524 495 509 497 511 504 481
"716" 514 492 499 501 496 501 504 491 501 494 499 496 514 500 501 510 506 489 490 497
"717" 497 491 502 500 506 492 490 508 500 514 499 510 494 511 493 505 507 500 489 500
"718" 492 499 497 493 510 495 504 488 514 492 494 498 503 498 505 513 491 485 493 509
"719" 506 512 493 495 497 489 506 509 506 499 506 495 501 499 506 509 503 513 497 478
"720" 498 493 504 486 512 506 489 513 500 501 490 503 507 495 502 503 497 498 491 505
"721" 499 493 495 499 500 508 489 499 506 506 489 517 512 498 498 510 503 483 492 495
"722" 496 510 492 502 494 498 498 505 499 497 513 506 491 508 493 495 511 525 499 506
"723" 504 498 513 512 513 501 491 496 494 511 500 509 499 494 505 494 501 492 491 508
"724" 507 485 499 523 493 514 488 499 489 489 506 508 496 507 499 512 513 507 512 514
"725" 509 515 517 496 494 512 503 492 504 512 513 512 494 508 492 492 506 502 503 501
"726" 491 511 503 498 503 509 513 514 508 489 502 497 495 512 479 499 491 507 487 499
"727" 501 488 505 505 500 487 475 511 498 513 495 501 502 491 500 494 510 495 502 504
"728" 494 506 511 497 513 488 479 484 510 503 493 493 500 495 486 504 501 478 490 489
"729" 511 501 490 488 504 502 502 501 509 505 511 509 505 516 484 505 497 509 488 513
"730" 505 512 518 498 508 492 492 496 504 497 494 489 508 496 509 504 510 505 500 496
"731" 505 509 497 504 498 509 504 502 515 503 494 500 512 504 503 498 504 482 486 500
"732" 511 494 506 501 510 498 504 495 509 500 508 486 514 504 485 517 513 500 501 518
"733" 506 513 512 497 491 496 481 494 512 510 517 505 505 505 509 502 493 502 493 497
"734" 504 509 508 488 493 495 486 496 497 499 497 514 487 485 506 496 498 518 500 496
"735" 504 485 497 508 503 498 495 514 505 510 504 503 514 512 483 508 505 504 492 515
"736" 484 515 507 493 509 506 500 478 491 495 508 503 496 499 492 516 493 514 502 481
"737" 480 496 491 484 501 503 509 497 485 492 516 515 497 503 510 492 499 497 506 511
"738" 514 505 512 517 491 496 500 505 508 485 498 501 496 491 501 506 505 508 491 500
"739" 502 507 509 511 496 493 492 485 490 501 503 501 488 483 488 496 512 497 492 490
"740" 503 493 494 503 517 479 496 509 497 489 497 483 504 497 507 489 494 503 491 499
"741" 506 508 493 505 496 499 499 500 505 488 509 505 489 502 494 492 513 489 470 504
"742" 513 505 493 479 515 496 500 511 492 492 506 493 500 500 498 495 497 514 502 494
"743" 503 498 497 502 509 498 498 496 504 491 518 496 503 488 496 509 524 494 491 496
"744" 512 519 507 501 507 505 497 512 476 496 502 495 492 506 505 493 488 497 486 501
"745" 507 507 507 499 494 496 489 498 506 496 502 509 494 498 508 505 510 483 498 501
"746" 503 518 504 482 497 501 501 487 499 505 523 500 483 509 484 488 497 498 500 502
"747" 492 485 488 504 490 491 508 506 483 500 495 503 495 506 497 504 490 493 500 498
"748" 501 482 498 507 485 505 481 513 508 503 507 497 497 508 497 495 486 496 492 505
"749" 495 497 505 488 505 500 481 492 500 511 501 494 501 517 505 514 506 486 510 507
"750" 526 516 491 501 506 511 497 493 505 495 512 510 502 494 506 497 513 500 489 493
"751" 504 507 514 511 495 495 494 500 525 502 490 485 515 494 501 502 486 498 495 526
"752" 502 505 498 483 507 513 502 508 488 495 520 500 511 502 497 502 525 490 504 478
"753" 489 490 503 510 510 517 498 495 499 484 504 505 496 498 509 499 494 509 502 505
"754" 503 503 488 505 505 509 490 511 501 509 500 505 507 487 498 501 503 483 489 501
"755" 519 501 496 505 501 505 501 516 511 491 504 502 478 499 505 510 497 501 500 513
"756" 502 499 508 497 498 500 487 503 499 523 498 491 498 496 497 483 510 497 495 496
"757" 511 499 497 495 497 484 506 510 512 510 497 506 495 506 493 501 501 480 505 511
"758" 491 511 516 495 489 488 488 496 501 511 512 515 507 503 501 491 508 494 506 500
"759" 484 516 522 502 492 491 504 501 516 483 516 512 508 500 510 495 504 492 507 488
"760" 501 498 498 494 496 479 502 493 501 501 501 503 499 491 484 504 497 496 493 505
"761" 484 504 515 494 506 493 502 492 500 493 512 497 496 493 505 501 511 486 497 492
"762" 509 512 513 498 502 506 495 510 513 499 503 497 501 499 493 480 497 511 498 497
"763" 505 508 496 489 512 500 492 484 504 498 494 496 510 514 500 512 508 509 505 505
"764" 489 499 506 490 505 500 495 494 485 495 493 497 510 496 500 516 486 494 511 509
"765" 505 509 493 492 495 500 491 512 496 502 498 501 502 493 512 500 499 484 498 494
"766" 489 513 504 474 492 492 495 497 514 503 487 496 495 503 503 511 504 488 512 517
"767" 511 500 507 496 498 501 494 507 500 504 525 512 497 501 496 493 495 515 504 505
"768" 509 501 490 494 503 500 516 480 500 489 513 502 500 502 478 502 504 521 495 522
"769" 499 505 500 508 493 512 485 501 485 502 512 492 499 494 491 505 508 477 493 501
"770" 511 497 493 501 504 511 515 499 496 505 500 512 505 501 497 503 497 508 489 509
"771" 510 494 506 481 498 506 494 497 490 506 503 496 511 519 494 503 514 500 505 493
"772" 504 505 502 508 491 492 503 498 512 495 515 503 495 501 492 501 487 508 492 491
"773" 506 507 502 500 480 518 495 496 500 498 509 497 497 510 486 501 501 497 503 502
"774" 503 511 496 484 504 490 496 509 496 489 495 499 489 513 511 508 493 504 491 509
"775" 519 499 492 488 496 492 490 510 505 507 500 504 504 501 506 496 484 496 500 500
"776" 505 502 506 496 488 494 507 484 505 514 494 510 503 509 514 498 488 521 493 525
"777" 497 508 494 483 500 514 495 484 495 500 505 490 502 507 512 499 504 512 514 483
"778" 511 516 509 500 495 489 492 484 494 504 510 492 508 514 504 494 485 511 473 485
"779" 510 494 505 514 508 502 497 501 495 503 488 488 498 504 495 502 504 496 495 491
"780" 500 510 499 493 499 509 491 502 507 473 502 501 507 498 506 509 503 495 502 509
"781" 486 499 505 501 492 503 491 495 504 505 505 496 496 510 509 508 499 489 507 489
"782" 503 509 497 493 494 504 494 504 490 490 497 503 502 486 490 497 503 492 485 504
"783" 490 501 512 495 491 506 485 497 501 513 494 511 507 500 514 509 494 488 509 479
"784" 480 508 511 488 492 495 500 507 520 501 498 496 508 496 491 486 492 502 490 497
"785" 495 503 492 504 497 492 500 497 504 512 497 502 503 504 509 496 495 491 497 488
"786" 499 506 500 486 504 502 486 519 481 512 494 515 499 522 482 504 496 510 506 485
"787" 505 508 496 501 492 524 499 510 499 497 507 497 493 495 509 487 490 507 511 497
"788" 499 474 492 474 494 517 508 511 498 507 499 528 502 508 497 504 495 493 489 484
"789" 489 488 500 498 499 500 504 493 501 507 510 507 511 500 505 502 491 497 484 503
"790" 495 507 506 505 496 503 492 509 502 488 515 494 507 503 501 512 496 501 513 508
"791" 513 506 505 486 494 505 513 514 494 514 504 508 495 491 503 514 507 493 491 489
"792" 493 508 510 495 489 492 483 490 505 507 499 505 491 502 501 497 500 501 498 497
"793" 494 501 507 496 491 491 506 497 511 500 506 522 500 481 519 499 492 486 499 508
"794" 498 508 494 506 505 493 491 484 490 495 507 511 505 507 494 504 486 489 489 508
"795" 505 501 503 493 495 504 498 487 493 491 503 511 517 502 505 494 481 495 506 508
"796" 507 491 490 522 511 494 509 485 501 507 527 499 520 505 498 508 493 515 504 503
"797" 501 507 511 499 510 490 490 494 513 487 511 508 504 481 494 497 512 497 492 509
"798" 487 501 502 497 508 509 497 492 493 497 495 498 496 496 498 502 505 511 499 505
"799" 504 500 492 489 518 496 496 502 493 506 500 496 509 496 499 503 496 499 508 499
"800" 518 501 505 493 501 495 487 482 491 499 487 503 510 509 507 504 499 516 479 518
"801" 498 496 491 504 505 498 501 502 500 491 503 504 509 496 517 515 505 499 483 502
"802" 504 499 501 510 513 513 491 497 498 502 508 508 493 490 509 514 493 483 502 505
"803" 504 495 499 511 512 506 502 498 486 509 495 494 496 490 492 501 505 501 518 501
"804" 489 486 502 495 507 491 501 489 483 500 508 497 501 486 499 503 506 497 492 498
"805" 497 501 498 506 500 503 500 506 501 483 515 478 490 514 508 508 515 511 502 504
"806" 486 506 501 483 488 501 526 488 509 494 494 519 498 505 487 499 498 513 504 492
"807" 494 507 494 493 495 504 491 505 513 509 504 489 485 497 499 499 490 495 485 493
"808" 494 514 512 501 507 489 479 496 482 523 523 511 496 498 502 496 491 485 492 502
"809" 494 506 503 506 499 503 492 499 506 496 493 496 505 493 511 478 500 498 495 491
"810" 496 505 506 487 500 512 492 496 502 490 505 506 525 501 506 498 515 490 494 488
"811" 499 513 508 488 503 498 481 508 492 505 500 483 512 501 486 487 512 490 492 501
"812" 513 504 483 498 488 489 509 503 504 517 502 497 501 497 506 500 503 502 502 509
"813" 501 496 490 490 512 509 501 492 510 508 515 493 506 514 494 495 496 495 490 505
"814" 507 505 496 500 479 510 481 502 501 500 505 497 484 508 503 497 508 511 491 505
"815" 504 508 503 497 492 495 494 502 513 494 499 490 493 496 509 512 508 504 504 506
"816" 498 497 506 492 506 501 516 503 508 493 491 504 513 498 495 517 500 505 501 489
"817" 501 508 507 501 500 484 492 507 507 498 497 487 498 486 470 510 501 498 481 500
"818" 506 516 508 502 494 491 494 472 511 504 508 504 509 502 509 508 495 511 515 508
"819" 508 505 483 499 519 497 497 507 497 503 486 506 504 501 489 510 484 488 488 487
"820" 496 490 505 497 485 497 506 515 500 502 502 511 508 496 491 518 499 500 484 496
"821" 497 510 498 505 479 486 494 488 492 489 514 490 503 510 489 497 511 496 497 500
"822" 508 498 507 502 494 505 516 508 503 497 496 496 506 509 502 497 487 502 490 502
"823" 513 514 508 505 501 481 497 489 487 500 511 513 503 495 486 482 496 491 504 510
"824" 480 497 482 492 501 510 513 516 500 503 501 497 492 484 496 499 499 492 504 496
"825" 499 502 509 510 502 509 494 493 504 486 488 504 497 493 487 508 504 499 495 490
"826" 493 508 490 499 491 501 494 503 503 489 512 486 485 503 506 515 506 498 512 500
"827" 495 493 505 500 495 497 488 498 493 511 501 491 502 508 508 500 510 497 504 499
"828" 505 505 491 507 504 507 504 508 504 482 512 505 510 498 506 507 512 502 506 499
"829" 483 502 500 505 508 504 494 500 501 501 503 500 493 492 496 489 498 504 499 488
"830" 513 496 507 498 488 507 494 511 507 493 503 507 495 492 491 497 497 500 497 482
"831" 523 495 510 502 498 487 487 515 493 502 507 509 521 496 488 478 491 517 496 506
"832" 492 488 502 518 500 513 496 499 500 519 495 501 505 512 500 504 496 515 489 489
"833" 500 491 516 508 504 493 520 505 508 480 495 488 501 496 500 497 497 493 496 502
"834" 502 506 497 508 494 493 485 498 497 498 490 510 502 505 516 480 491 498 507 507
"835" 497 508 498 496 494 494 505 501 503 499 504 507 483 502 499 500 497 501 517 508
"836" 494 505 494 501 507 513 504 503 487 505 505 505 493 497 517 514 507 510 488 490
"837" 503 501 501 487 492 480 515 498 490 498 502 503 501 509 512 499 484 496 501 498
"838" 499 518 499 493 487 498 512 501 509 505 501 496 496 512 492 506 494 499 506 491
"839" 491 495 505 507 489 498 498 497 504 502 493 489 504 504 488 499 504 501 502 514
"840" 495 498 494 498 500 492 498 503 500 489 503 492 494 503 520 489 482 495 483 500
"841" 490 498 501 486 492 498 486 506 510 500 505 503 511 504 496 506 496 504 499 506
"842" 497 498 508 489 502 486 500 488 500 511 506 500 500 511 497 501 512 486 488 498
"843" 487 507 515 499 516 500 496 500 511 505 503 495 480 492 491 510 485 510 487 500
"844" 484 507 494 495 509 484 494 509 501 507 492 504 500 498 503 501 493 489 500 507
"845" 506 499 497 501 489 505 513 505 496 508 500 491 509 498 501 490 491 489 508 486
"846" 497 499 502 496 512 510 501 501 508 496 508 506 510 496 492 489 491 506 482 481
"847" 527 494 497 500 501 494 500 508 507 499 494 510 509 508 508 518 499 509 517 495
"848" 481 503 487 487 512 497 515 509 511 497 509 512 489 473 506 508 500 506 499 495
"849" 511 520 491 509 513 502 502 516 494 490 489 506 509 504 500 500 505 514 499 502
"850" 502 497 493 515 488 491 512 481 522 497 501 518 488 497 497 503 513 502 504 512
"851" 500 495 524 494 500 500 508 482 510 501 518 504 501 497 499 491 507 495 508 493
"852" 499 505 490 497 492 501 506 508 498 490 494 509 498 493 478 496 499 515 499 492
"853" 506 512 520 486 486 499 503 497 503 507 493 479 500 505 496 505 470 497 505 477
"854" 520 503 502 493 512 501 503 497 491 493 500 482 507 496 500 507 500 491 511 497
"855" 492 507 509 501 508 493 481 488 507 508 513 494 512 509 490 485 497 500 508 503
"856" 498 490 501 501 496 499 487 504 493 487 510 502 486 488 492 508 492 504 502 490
"857" 498 492 518 505 503 501 512 491 500 497 501 505 483 499 492 512 500 506 494 504
"858" 498 512 488 504 490 497 485 494 496 494 501 486 487 501 502 502 481 489 506 506
"859" 503 516 513 495 496 496 499 493 495 502 497 493 516 493 495 494 491 482 512 513
"860" 507 505 494 499 497 494 502 498 519 500 502 503 500 499 496 500 497 496 495 490
"861" 504 501 501 488 502 512 495 504 496 504 498 508 504 514 510 495 510 502 511 501
"862" 496 494 503 506 505 496 491 508 511 499 499 495 490 498 493 505 509 499 490 484
"863" 497 499 508 495 499 499 505 493 493 505 497 499 487 499 492 487 484 508 494 488
"864" 511 518 498 498 488 507 497 504 493 501 498 524 490 507 497 502 496 502 502 489
"865" 483 504 499 489 501 499 506 480 504 510 505 496 489 498 514 500 514 495 500 491
"866" 510 502 509 507 492 474 493 500 499 500 502 497 480 502 496 504 508 497 498 500
"867" 517 492 495 493 501 499 506 501 513 487 511 492 503 498 496 496 488 483 485 520
"868" 505 512 498 492 499 510 506 512 503 492 503 499 498 496 496 502 502 496 491 495
"869" 487 505 495 488 503 495 508 511 492 506 502 484 500 506 491 500 489 506 504 497
"870" 500 503 495 487 493 495 494 492 495 501 498 500 511 509 497 521 500 505 487 518
"871" 488 502 508 498 486 495 502 509 525 490 493 506 485 497 497 502 492 482 507 498
"872" 512 488 477 517 505 501 500 505 502 494 498 492 485 489 495 495 503 496 477 512
"873" 511 504 521 509 488 507 498 482 496 493 508 511 508 490 510 511 503 491 502 504
"874" 507 507 506 511 491 492 503 498 493 502 506 503 499 502 501 491 509 507 505 495
"875" 514 513 516 494 494 521 503 482 495 503 504 506 496 486 493 516 485 514 496 501
"876" 490 499 501 496 499 484 505 493 502 499 503 504 519 512 483 490 502 485 508 475
"877" 500 507 493 500 490 491 483 512 506 489 507 504 504 498 501 477 493 503 492 504
"878" 505 503 505 504 493 491 505 491 482 493 510 499 490 503 493 500 509 497 514 494
"879" 508 490 501 511 509 506 493 491 506 504 508 484 509 499 496 506 496 503 497 480
"880" 508 496 507 490 502 495 511 498 504 497 504 491 506 500 491 520 501 500 504 500
"881" 495 516 499 493 513 505 499 477 498 496 515 498 508 487 483 493 498 508 498 505
"882" 499 514 497 503 509 492 511 504 500 500 509 504 497 516 499 501 483 503 497 485
"883" 493 507 501 491 500 494 509 498 498 476 488 523 508 494 510 503 504 508 503 499
"884" 506 503 495 507 514 497 501 499 510 494 497 493 485 517 500 520 495 482 500 525
"885" 492 508 494 491 495 488 497 488 498 492 506 485 484 516 487 497 502 484 497 495
"886" 500 496 491 488 496 506 518 518 494 504 496 511 507 507 512 498 519 497 503 494
"887" 496 506 490 498 490 502 522 497 505 488 500 483 505 486 511 510 506 498 490 490
"888" 504 500 489 512 503 502 511 508 508 501 510 510 497 501 499 502 506 501 471 505
"889" 517 502 509 490 488 517 502 499 502 507 493 495 510 504 493 509 498 507 491 506
"890" 516 515 494 497 487 487 485 494 491 495 500 504 488 509 508 501 505 506 500 501
"891" 491 505 505 498 488 513 510 505 491 490 513 499 500 513 511 503 479 505 498 508
"892" 497 495 498 503 501 504 500 501 502 517 492 501 493 498 496 501 494 500 510 496
"893" 485 501 512 490 484 505 492 508 502 507 498 499 488 489 493 496 486 501 520 494
"894" 501 514 504 510 502 496 502 483 492 501 511 518 506 488 494 516 520 494 486 484
"895" 511 521 501 496 503 497 492 498 500 522 504 497 501 506 485 510 501 495 493 509
"896" 498 504 497 486 500 498 469 509 499 496 473 512 500 504 511 505 505 493 482 495
"897" 499 509 503 507 502 497 503 498 484 511 508 512 498 493 501 505 502 485 498 505
"898" 488 488 482 496 500 507 496 500 496 509 502 507 496 491 506 489 487 518 492 493
"899" 485 494 510 497 499 513 503 490 511 498 500 493 499 495 507 504 496 490 509 494
"900" 515 491 497 478 493 503 490 511 501 504 500 498 493 489 511 506 511 515 492 491
"901" 494 502 503 519 497 489 498 477 504 495 495 495 503 498 492 506 480 500 491 506
"902" 510 507 493 490 498 498 494 515 502 495 510 492 491 510 506 495 496 504 498 498
"903" 501 511 512 488 492 494 500 488 506 498 500 499 506 501 501 494 489 481 487 489
"904" 504 506 496 497 522 498 507 500 500 502 501 503 480 483 501 502 499 508 492 500
"905" 492 500 497 494 504 502 515 496 494 511 498 492 486 499 516 497 521 505 495 487
"906" 502 494 523 503 492 483 500 491 504 488 516 486 503 511 513 496 507 486 487 488
"907" 500 505 509 495 505 515 493 504 507 509 505 497 491 490 478 508 507 493 490 511
"908" 491 503 496 502 504 492 486 507 487 500 498 482 510 483 489 498 506 500 494 505
"909" 499 504 513 507 497 511 499 489 496 488 502 503 493 518 493 507 497 485 509 496
"910" 493 499 504 488 514 508 504 495 505 512 502 505 504 489 512 509 500 506 495 499
"911" 499 501 508 501 504 499 479 511 497 520 503 510 482 516 507 500 508 494 507 492
"912" 514 512 497 484 495 488 503 507 494 513 507 497 510 515 484 512 489 483 498 506
"913" 501 499 505 487 484 504 512 509 504 499 496 495 496 516 496 503 496 494 477 510
"914" 512 501 491 519 487 509 501 506 507 501 492 498 496 504 508 502 479 506 490 493
"915" 502 485 499 509 490 492 493 495 510 507 496 504 500 503 485 507 504 498 501 497
"916" 505 492 496 491 519 498 492 499 493 492 496 495 485 512 497 497 502 482 498 511
"917" 498 484 494 496 519 505 484 501 497 489 513 498 492 495 503 493 497 496 482 505
"918" 493 503 524 494 498 503 497 503 504 496 498 507 511 503 511 492 502 497 495 494
"919" 498 492 488 494 486 499 499 502 509 488 505 489 505 496 500 507 504 502 490 513
"920" 504 500 501 494 499 511 495 519 504 507 493 504 508 495 483 506 498 508 504 495
"921" 494 504 491 500 514 517 501 486 508 508 509 513 496 514 505 505 502 496 481 510
"922" 488 508 503 489 505 505 494 503 508 489 501 499 528 503 515 509 506 511 515 483
"923" 498 506 517 515 493 497 509 475 499 497 497 500 500 498 508 499 505 507 493 500
"924" 497 504 486 486 496 506 480 494 499 499 504 509 502 505 490 508 503 508 514 496
"925" 511 498 494 496 498 498 494 497 502 498 489 492 498 493 498 491 508 496 516 490
"926" 497 495 509 499 511 495 495 497 503 492 508 496 508 510 487 510 512 502 500 494
"927" 515 499 507 498 499 493 482 514 493 504 504 492 508 510 482 491 513 490 500 510
"928" 497 504 480 488 502 502 496 510 513 523 508 496 511 495 505 514 498 504 503 499
"929" 497 500 498 484 491 494 504 491 507 518 504 497 502 504 487 488 502 512 506 501
"930" 497 500 516 491 492 498 494 498 487 497 495 500 505 510 491 505 501 495 490 498
"931" 493 505 493 506 502 497 512 515 503 488 496 501 510 483 485 501 497 489 495 502
"932" 483 516 494 495 499 509 490 499 496 492 491 494 501 500 490 494 508 485 506 477
"933" 510 504 494 503 515 499 496 503 507 499 494 509 510 491 490 514 511 496 513 507
"934" 499 503 508 496 497 492 509 479 503 512 515 500 493 495 500 509 500 490 494 499
"935" 512 491 497 503 504 495 511 519 512 505 510 504 506 494 494 497 508 487 507 510
"936" 515 499 498 490 508 489 501 507 488 495 485 502 496 503 486 488 499 491 490 519
"937" 491 503 491 492 506 493 498 506 504 497 490 493 503 489 502 501 498 497 499 484
"938" 500 499 501 495 496 489 485 497 496 493 512 500 506 496 510 502 494 495 508 494
"939" 513 509 498 505 478 522 484 510 508 508 500 490 506 486 488 505 491 502 513 520
"940" 511 505 485 495 512 513 481 509 509 493 512 499 494 508 489 518 512 502 499 498
"941" 492 515 505 501 491 497 510 502 517 488 514 510 480 507 519 503 507 500 496 489
"942" 502 488 501 497 487 506 512 512 515 501 508 493 495 513 499 492 485 503 495 504
"943" 491 494 491 490 495 493 486 498 485 502 487 499 503 484 488 489 500 495 484 518
"944" 504 502 507 510 490 495 508 512 489 503 517 493 501 512 513 491 511 498 497 493
"945" 486 514 493 491 490 494 488 493 501 502 509 495 510 497 513 494 497 501 506 492
"946" 496 517 503 491 498 503 483 496 507 496 500 499 494 504 502 487 499 499 485 514
"947" 494 518 498 497 497 495 498 500 504 507 502 495 496 501 499 496 506 513 502 489
"948" 490 497 502 514 508 485 506 498 508 500 488 503 511 515 500 523 499 504 498 491
"949" 497 502 503 494 498 497 489 501 496 498 504 497 512 512 496 499 513 511 495 494
"950" 478 498 514 487 503 499 506 516 494 502 508 492 488 501 496 503 493 483 494 514
"951" 511 493 505 487 506 502 488 505 512 502 501 493 483 490 514 493 504 499 489 491
"952" 500 508 504 499 495 503 506 516 511 505 503 509 518 475 503 508 494 501 497 495
"953" 492 490 478 506 505 500 497 505 505 508 498 497 489 502 502 493 503 486 506 503
"954" 507 504 501 495 498 525 493 499 501 508 507 485 500 496 492 492 477 490 493 504
"955" 511 504 507 521 489 503 512 486 508 511 501 504 493 494 493 508 503 504 487 508
"956" 521 510 499 498 512 500 488 508 504 497 499 501 499 508 502 502 516 496 475 485
"957" 502 508 502 504 504 497 504 507 523 486 501 492 505 489 478 494 492 509 507 496
"958" 501 507 507 495 510 493 493 493 510 492 511 491 487 492 511 523 508 513 489 487
"959" 490 495 500 504 483 513 516 500 515 490 507 502 498 497 499 490 504 491 495 488
"960" 504 500 500 502 489 493 506 479 508 490 504 499 491 510 502 519 487 499 490 498
"961" 492 514 517 502 503 487 491 504 501 510 489 521 494 511 491 510 508 491 506 507
"962" 490 496 503 488 512 510 508 500 498 496 498 494 503 515 501 503 512 504 487 504
"963" 490 502 513 497 492 512 501 521 493 500 502 494 494 501 502 499 495 494 503 518
"964" 486 507 498 481 499 489 492 484 504 507 487 498 497 499 486 498 501 490 490 509
"965" 504 491 488 499 508 499 492 495 498 492 503 474 483 505 487 506 519 497 501 504
"966" 491 504 492 508 506 504 514 490 502 490 498 515 497 501 512 505 487 490 498 512
"967" 500 493 497 508 505 516 505 496 495 490 505 488 514 492 513 494 533 499 509 516
"968" 490 492 498 505 486 509 495 510 506 495 493 494 507 497 497 500 506 474 500 492
"969" 491 497 482 516 519 511 512 494 495 511 508 517 499 510 496 504 500 511 501 499
"970" 486 504 504 498 509 501 495 514 488 490 517 506 491 505 495 491 516 522 484 502
"971" 501 515 503 489 486 517 506 486 503 500 492 509 500 499 524 512 516 508 501 492
"972" 502 517 498 490 503 501 499 487 499 497 497 500 506 504 508 499 492 517 522 490
"973" 491 493 505 511 516 488 493 490 499 492 498 507 499 488 506 500 493 511 494 510
"974" 502 500 507 503 522 484 496 498 504 503 485 502 493 498 497 487 507 504 490 520
"975" 504 499 507 496 500 497 496 496 507 497 490 505 508 503 519 514 496 489 503 511
"976" 519 492 501 514 500 483 511 501 498 486 512 515 489 490 509 505 512 508 484 498
"977" 508 489 500 507 513 493 492 504 494 510 494 504 490 494 506 514 503 496 503 507
"978" 498 509 506 487 489 495 501 499 493 486 508 497 496 509 510 490 498 498 521 494
"979" 497 502 508 492 506 513 508 508 500 494 494 498 503 500 502 507 520 501 495 508
"980" 504 495 496 516 491 488 509 514 512 497 512 487 496 478 497 496 509 509 496 496
"981" 488 502 490 499 517 511 503 474 509 487 489 497 489 489 487 506 493 491 509 497
"982" 493 521 495 496 490 501 498 494 501 503 504 497 502 493 506 497 509 508 492 509
"983" 501 499 505 487 493 494 498 495 503 497 479 507 485 492 502 507 498 504 487 498
"984" 498 503 492 496 509 513 517 504 507 486 505 507 504 488 499 491 503 492 483 497
"985" 497 485 507 504 507 503 492 511 500 500 501 496 481 497 492 495 511 503 491 492
"986" 498 508 486 491 507 499 498 506 497 506 481 489 490 503 494 501 493 506 515 497
"987" 512 507 510 492 497 484 499 494 498 486 498 502 486 510 507 501 506 510 504 503
"988" 498 500 484 488 497 497 495 497 507 497 500 497 501 500 499 497 517 505 492 505
"989" 504 491 491 500 493 496 499 500 496 493 499 503 509 498 497 492 500 507 488 501
"990" 504 496 513 497 488 493 505 493 507 502 501 514 488 503 494 486 499 487 498 505
"991" 489 505 507 493 504 494 494 492 494 511 507 505 487 511 508 504 504 497 512 486
"992" 503 507 504 511 503 500 498 510 519 502 497 492 498 498 496 495 515 492 500 508
"993" 514 488 515 496 498 524 506 489 490 479 518 499 495 506 497 507 494 495 489 518
"994" 503 492 506 504 496 483 509 502 516 487 496 497 495 504 503 505 475 507 508 502
"995" 493 501 498 487 494 490 489 492 502 502 512 502 485 495 509 517 486 500 490 486
"996" 511 502 501 493 480 490 485 502 507 500 496 508 510 503 494 505 501 498 496 498
"997" 490 514 505 497 499 506 501 518 515 501 496 500 496 495 507 495 501 497 486 501
"998" 506 503 505 504 494 502 484 495 511 504 499 499 489 498 505 497 489 515 514 507
"999" 503 496 498 506 502 499 506 496 497 493 511 487 496 513 491 500 520 499 509 511
"1000" 501 500 516 490 497 502 505 514 504 503 505 506 502 485 484 507 507 494 500 496
