"1" "2" "3" "4" "5" "6" "7" "8" "9" "10" "11" "12" "13" "14" "15" "16" "17" "18" "19" "20"
"1" 481 502 525 527 488 472 537 482 533 496 505 512 493 514 511 490 487 499 491 513
"2" 525 519 488 524 512 500 528 519 532 504 482 499 512 486 515 498 488 497 502 485
"3" 501 479 488 490 505 499 521 510 503 515 487 488 504 525 504 512 499 515 484 485
"4" 487 464 496 506 479 512 504 493 487 510 499 520 484 470 525 494 491 496 473 474
"5" 495 495 526 483 490 536 529 487 516 504 498 481 523 472 537 485 525 504 512 489
"6" 490 494 498 505 495 526 487 497 503 502 504 520 488 532 510 489 512 517 531 496
"7" 516 511 485 499 495 503 501 482 503 502 486 491 523 484 493 520 466 480 534 492
"8" 478 472 532 511 527 477 488 501 467 499 503 472 508 476 509 485 524 517 518 508
"9" 511 482 494 476 489 476 500 504 496 495 507 498 504 478 487 494 500 522 516 476
"10" 513 520 493 509 494 515 481 499 507 472 492 525 495 503 461 483 502 512 491 504
"11" 484 506 514 521 518 498 478 490 504 466 491 528 503 492 510 484 499 516 486 503
"12" 542 506 511 491 497 487 471 512 493 469 496 516 511 522 517 511 482 496 523 527
"13" 468 489 503 483 496 489 494 499 486 512 486 495 513 497 457 519 511 515 520 507
"14" 499 494 507 502 493 519 504 520 484 478 498 501 512 489 496 499 498 515 476 505
"15" 498 517 502 487 484 510 503 515 505 512 522 487 462 486 510 522 500 485 510 498
"16" 494 509 512 498 484 505 487 510 489 503 503 493 476 500 501 485 512 521 520 481
"17" 486 485 478 537 505 482 527 482 471 488 531 515 509 519 491 468 475 516 518 510
"18" 507 484 508 500 517 524 477 494 471 486 520 481 519 523 473 477 490 508 514 504
"19" 501 509 509 514 484 502 489 481 533 523 465 496 499 538 479 478 486 513 506 492
"20" 502 476 496 473 504 498 508 515 492 487 515 504 482 504 507 480 494 506 513 503
"21" 493 491 496 531 484 502 492 489 492 513 505 504 518 514 503 513 518 481 520 481
"22" 506 501 474 510 480 517 495 478 508 472 496 486 494 499 510 515 510 489 497 493
"23" 507 480 521 486 486 485 496 505 476 508 516 489 484 533 499 494 500 524 502 490
"24" 483 508 491 511 527 503 483 497 517 491 485 481 504 511 506 481 489 480 511 482
"25" 482 485 457 520 492 511 475 479 503 500 490 490 514 471 509 502 515 503 487 496
"26" 515 490 488 480 481 477 504 500 492 501 482 504 512 487 477 519 504 510 511 503
"27" 473 499 513 500 530 481 465 510 493 485 509 509 538 503 492 475 490 504 483 489
"28" 488 522 493 512 470 505 529 524 507 513 494 502 511 496 494 490 493 495 512 482
"29" 504 505 494 493 485 495 497 496 495 511 489 496 523 499 463 511 503 502 502 493
"30" 502 489 494 503 513 480 486 485 477 495 506 484 481 495 512 487 506 471 485 499
"31" 515 484 502 505 505 505 511 511 489 481 476 479 502 523 488 491 505 489 508 537
"32" 488 487 488 513 502 513 500 507 483 515 488 526 487 505 489 500 497 484 506 495
"33" 490 493 498 485 499 493 506 507 502 511 494 509 508 507 487 488 491 522 509 503
"34" 492 507 498 498 502 502 510 515 488 515 513 489 523 483 489 470 497 495 517 504
"35" 505 502 521 519 506 499 513 506 512 496 508 497 503 500 499 481 508 490 474 488
"36" 467 507 491 495 484 481 501 479 481 513 517 493 476 512 503 509 491 531 509 489
"37" 500 493 497 515 510 485 543 480 507 490 500 506 491 510 492 501 492 525 483 492
"38" 493 502 524 506 509 490 500 489 500 488 513 484 505 503 498 515 501 500 500 503
"39" 474 496 454 508 499 511 478 519 528 485 497 513 521 512 515 512 502 500 487 479
"40" 513 489 524 518 504 486 510 514 511 479 517 518 499 525 510 481 488 514 527 495
"41" 494 487 496 492 499 494 520 506 482 521 501 477 522 499 514 511 551 520 509 513
"42" 503 492 520 515 481 521 500 516 487 481 518 511 526 488 498 495 491 476 491 539
"43" 516 526 493 494 490 526 502 525 476 511 489 511 498 527 461 511 507 506 493 493
"44" 515 488 493 495 527 496 497 497 469 509 510 533 504 530 483 474 517 482 497 498
"45" 462 517 473 518 510 486 479 511 505 526 492 455 503 491 495 533 492 506 492 485
"46" 500 487 495 530 512 489 497 516 503 494 488 483 498 499 497 543 499 506 506 489
"47" 517 522 493 504 489 488 481 510 505 528 520 508 480 476 492 490 489 497 504 487
"48" 524 520 507 496 514 485 469 492 497 495 508 506 504 535 461 492 479 491 475 507
"49" 477 477 509 476 488 519 501 511 493 496 498 507 498 497 516 511 504 507 484 497
"50" 505 523 511 502 496 494 515 522 502 513 516 518 532 496 504 517 502 491 502 481
"51" 531 518 497 504 505 478 496 479 500 481 494 525 511 491 515 477 500 500 489 488
"52" 509 511 517 511 516 474 502 503 506 509 505 534 506 487 508 500 514 514 476 503
"53" 482 524 505 509 526 519 499 484 494 515 522 490 506 499 482 485 523 484 515 509
"54" 505 520 478 481 529 544 484 483 496 494 516 488 486 484 479 516 490 504 494 502
"55" 504 471 508 484 515 495 516 518 488 522 506 511 511 509 500 482 484 469 495 499
"56" 541 507 487 512 529 526 499 471 481 500 468 501 488 496 496 514 509 465 480 517
"57" 514 500 525 515 497 495 506 497 505 504 499 510 497 509 490 503 501 486 496 493
"58" 496 496 486 484 492 508 514 505 518 477 521 481 519 477 525 501 504 477 491 494
"59" 502 497 490 515 486 514 495 489 505 488 515 494 518 506 481 515 493 492 517 467
"60" 477 484 490 526 509 496 503 513 503 510 523 506 484 468 500 497 548 475 489 481
"61" 505 481 517 514 515 472 497 516 516 524 495 488 502 498 481 501 479 486 498 486
"62" 517 497 500 493 511 502 528 528 517 500 498 487 486 479 516 510 486 488 518 502
"63" 501 485 484 491 486 509 501 498 481 508 508 510 480 494 504 499 506 516 487 489
"64" 523 487 494 519 477 449 450 495 510 492 524 490 494 507 491 463 499 516 459 527
"65" 506 466 486 488 499 495 537 505 469 512 487 509 486 499 508 502 512 512 508 511
"66" 495 496 516 497 477 507 484 510 501 489 485 514 497 480 485 461 486 523 511 519
"67" 519 508 526 516 483 493 465 522 510 490 499 467 518 474 497 525 468 490 496 486
"68" 473 492 484 504 513 520 497 532 480 484 464 472 525 489 499 500 498 481 483 500
"69" 495 496 488 500 494 486 489 507 501 491 497 461 501 501 491 513 493 496 466 498
"70" 508 502 490 513 508 511 498 488 498 508 503 515 488 490 486 517 487 501 500 511
"71" 493 512 501 457 509 497 486 505 503 500 514 523 501 483 506 500 483 498 513 490
"72" 499 489 500 510 516 514 507 489 469 482 494 497 515 535 516 518 514 503 479 515
"73" 478 493 505 491 485 474 519 485 508 471 486 478 480 505 485 487 498 490 510 518
"74" 492 499 520 493 489 512 486 495 498 500 501 481 511 467 481 493 517 511 493 489
"75" 490 502 499 508 494 513 493 533 489 493 517 504 503 497 517 501 479 502 491 473
"76" 489 501 526 508 503 512 495 498 524 477 509 480 499 527 494 532 488 521 515 513
"77" 471 512 515 496 486 512 517 511 487 498 502 479 501 506 497 522 495 520 502 495
"78" 474 490 491 482 496 506 517 511 496 501 502 503 497 497 522 520 516 487 511 466
"79" 504 486 505 503 504 502 493 508 463 519 469 497 507 509 518 500 510 516 491 489
"80" 505 477 502 497 509 513 487 448 482 530 513 524 487 499 516 510 500 500 502 511
"81" 494 488 521 522 497 515 490 502 486 481 493 509 492 515 505 497 487 510 521 488
"82" 502 468 500 519 518 485 481 505 504 507 474 510 539 499 502 491 518 492 516 483
"83" 500 484 498 489 517 509 504 516 487 490 504 501 484 489 492 495 489 485 514 489
"84" 492 520 493 514 508 494 490 481 507 504 497 525 512 513 507 508 508 519 499 512
"85" 470 493 518 531 509 489 513 508 497 487 485 496 510 478 496 526 482 493 504 501
"86" 479 500 510 493 510 521 479 492 508 508 505 496 508 501 515 504 514 487 463 499
"87" 467 528 483 530 492 494 496 479 498 512 498 507 510 483 499 507 504 503 505 511
"88" 513 489 477 471 510 479 495 479 471 487 491 496 531 511 452 525 492 520 489 501
"89" 507 506 533 483 520 515 518 481 499 500 489 492 495 493 493 513 500 510 491 494
"90" 489 490 471 512 508 474 464 491 475 485 510 504 496 504 468 506 496 527 483 501
"91" 492 498 480 488 483 531 532 488 483 517 491 488 483 504 474 493 485 509 525 524
"92" 459 503 520 482 500 521 464 502 500 492 492 504 492 505 492 510 493 511 502 513
"93" 486 508 529 508 505 520 482 469 499 509 500 503 499 480 483 482 482 504 495 521
"94" 515 502 503 501 486 496 497 489 500 521 506 487 496 496 499 514 501 497 537 501
"95" 484 507 496 505 505 499 500 480 466 505 500 526 507 513 474 479 517 528 515 498
"96" 488 517 509 491 488 526 498 478 478 478 505 500 498 462 500 485 503 473 499 505
"97" 508 478 517 475 477 502 491 502 525 516 510 506 503 500 504 518 490 496 505 508
"98" 488 494 517 486 480 519 488 470 502 500 491 525 506 507 486 496 503 495 502 486
"99" 485 535 504 508 474 498 460 472 487 514 508 507 523 511 514 490 507 483 511 496
"100" 507 454 500 503 502 506 488 499 480 500 497 510 501 485 505 471 517 481 480 472
"101" 516 504 463 497 534 553 492 489 503 513 495 495 494 524 499 510 503 508 471 517
"102" 511 493 496 486 512 497 500 493 499 496 492 480 518 486 493 485 504 495 505 499
"103" 479 482 509 504 473 505 503 525 487 512 512 471 523 514 497 491 509 506 502 537
"104" 523 515 499 500 469 492 517 506 500 506 496 482 509 495 501 471 519 481 517 523
"105" 495 506 485 481 527 495 495 488 483 528 506 483 480 510 464 494 510 496 496 494
"106" 468 493 511 492 502 523 503 483 510 480 513 500 486 495 487 526 521 492 507 527
"107" 462 488 514 497 502 478 538 483 503 519 518 484 474 511 506 511 488 498 505 518
"108" 510 489 517 520 489 490 475 495 474 466 471 484 484 492 511 496 529 532 504 503
"109" 489 503 505 509 527 498 462 465 509 511 504 505 504 542 509 480 496 509 506 494
"110" 516 482 496 504 480 479 503 501 493 516 507 487 515 516 526 493 507 517 495 516
"111" 504 518 500 499 468 522 475 497 511 497 491 482 528 494 508 515 513 485 497 505
"112" 511 508 517 501 499 499 475 530 509 514 506 516 512 488 491 503 475 465 519 522
"113" 480 498 501 498 465 519 492 518 489 510 491 528 528 489 511 468 500 499 497 527
"114" 515 503 481 473 512 519 488 513 500 491 487 493 490 498 472 501 491 499 500 483
"115" 476 493 527 490 501 509 509 483 488 491 498 470 528 490 478 520 490 468 470 518
"116" 491 521 526 512 517 464 519 460 471 486 498 509 475 469 469 502 489 484 493 516
"117" 490 472 495 526 484 498 486 521 513 481 493 447 508 516 499 507 488 494 510 496
"118" 461 472 498 511 512 492 513 466 498 513 500 497 493 496 505 522 498 491 496 488
"119" 510 490 474 531 495 499 494 515 513 468 505 512 488 488 506 519 511 493 505 489
"120" 502 490 524 503 495 478 503 517 515 482 499 499 487 521 501 518 540 503 502 503
"121" 478 511 525 524 507 491 501 501 504 505 479 520 515 501 490 509 476 519 535 495
"122" 472 519 504 494 507 506 509 476 501 488 506 520 507 482 509 524 494 498 476 502
"123" 493 508 492 493 490 478 504 507 492 497 505 509 486 497 503 510 490 504 453 501
"124" 527 499 491 501 499 507 482 489 497 482 536 488 491 481 500 514 495 501 521 482
"125" 487 497 488 504 490 478 511 518 497 479 496 507 502 497 491 501 489 488 505 516
"126" 526 484 520 483 480 472 493 480 482 494 504 494 498 490 471 523 493 494 499 504
"127" 510 507 492 493 514 500 538 525 513 492 522 516 510 493 510 481 496 497 508 518
"128" 470 506 531 509 479 517 490 512 487 491 459 537 499 493 480 509 489 504 503 507
"129" 515 491 488 527 496 503 511 483 490 500 501 500 518 514 530 511 492 483 488 525
"130" 498 488 490 494 510 494 507 502 496 498 487 509 494 508 468 502 477 492 510 511
"131" 501 513 492 489 480 484 509 499 498 503 512 503 509 492 542 526 510 485 477 495
"132" 539 514 542 498 502 493 476 504 515 500 507 512 518 523 491 484 491 511 506 466
"133" 519 505 493 510 488 505 515 537 487 499 463 483 482 530 496 504 494 485 528 498
"134" 502 487 463 527 495 489 493 515 498 505 496 470 494 514 497 497 475 494 528 509
"135" 514 508 488 512 514 506 530 519 490 490 509 494 483 513 483 493 493 487 509 493
"136" 483 505 506 487 501 515 519 503 480 482 506 526 500 514 523 514 465 507 460 504
"137" 505 523 531 504 499 480 508 477 525 487 503 511 483 506 477 471 524 512 496 493
"138" 504 514 510 510 507 511 502 501 537 486 485 501 495 496 489 478 474 501 506 494
"139" 527 502 489 489 498 492 486 499 481 528 489 516 495 498 491 527 486 486 519 482
"140" 515 494 480 524 503 516 522 504 497 515 501 508 521 503 482 486 493 500 522 493
"141" 497 530 494 504 516 503 497 522 499 503 495 475 505 513 475 504 505 477 496 489
"142" 461 507 510 511 492 497 483 476 501 506 511 473 517 495 503 471 518 517 489 502
"143" 476 503 504 521 509 493 494 514 483 519 503 499 517 504 471 497 473 496 507 485
"144" 511 517 500 527 506 501 490 501 483 507 520 539 516 494 483 506 516 493 514 502
"145" 495 507 513 516 514 520 495 522 493 468 505 505 505 518 477 508 483 512 506 522
"146" 504 493 494 507 494 481 510 504 510 475 472 481 503 500 491 529 494 493 473 517
"147" 501 499 512 486 492 497 506 487 511 508 521 536 526 531 476 475 495 497 472 531
"148" 492 491 479 487 502 486 461 476 511 483 495 516 474 501 502 506 506 471 477 520
"149" 514 472 495 494 507 539 526 510 507 522 497 515 456 478 476 504 498 482 525 512
"150" 494 486 517 490 504 502 486 506 495 501 517 497 511 485 507 498 520 499 494 490
"151" 476 473 525 497 504 502 464 480 472 490 459 499 493 500 495 489 487 482 533 487
"152" 517 499 472 500 527 496 496 486 518 500 513 506 491 496 499 490 533 510 511 485
"153" 510 498 494 516 501 523 548 504 515 483 494 510 498 498 523 483 500 476 526 506
"154" 496 471 503 487 491 516 522 487 489 502 478 511 535 505 504 498 516 515 521 485
"155" 512 496 500 520 465 510 512 493 499 520 527 487 511 495 503 508 508 490 479 521
"156" 474 489 488 490 523 496 516 466 487 496 498 483 530 514 512 474 501 511 518 501
"157" 530 494 507 503 499 490 511 489 504 487 496 490 512 515 479 527 499 496 488 494
"158" 504 484 513 510 515 493 519 504 537 518 510 520 498 492 492 473 507 501 477 488
"159" 522 516 524 502 503 506 504 511 500 482 503 501 499 496 487 507 496 496 486 487
"160" 517 514 498 484 496 500 490 475 520 492 492 494 499 488 483 509 524 511 492 468
"161" 497 524 515 483 458 510 508 506 503 521 526 507 488 503 508 480 487 509 509 507
"162" 512 501 498 499 483 503 505 500 497 494 519 511 492 459 522 495 478 527 493 492
"163" 503 507 507 501 497 489 494 489 506 511 541 495 497 490 506 494 484 495 502 475
"164" 494 488 526 504 518 511 479 504 518 499 500 499 509 513 532 511 499 501 520 497
"165" 472 504 529 503 499 509 487 486 491 517 505 497 491 499 519 486 526 502 504 471
"166" 520 520 517 477 518 491 512 484 474 502 498 531 489 508 520 483 511 506 496 500
"167" 487 506 482 502 499 509 513 499 513 509 491 516 512 516 500 493 488 487 512 502
"168" 469 508 527 490 503 489 525 502 503 535 476 500 481 525 536 524 538 479 489 451
"169" 480 520 504 493 499 494 495 497 494 498 483 475 500 485 504 506 525 515 491 526
"170" 488 510 515 517 494 546 511 525 498 503 484 509 505 461 489 494 492 487 515 519
"171" 511 499 494 470 500 515 531 475 486 486 495 487 475 488 503 499 491 517 498 492
"172" 507 522 502 483 522 489 502 493 508 474 489 489 494 511 508 481 509 485 491 511
"173" 494 488 506 494 491 509 505 492 492 486 489 515 497 486 509 507 498 539 492 489
"174" 476 511 485 514 506 508 517 528 505 513 457 511 496 509 489 501 492 486 499 516
"175" 468 522 526 519 515 495 491 509 475 503 508 485 510 501 531 503 477 478 494 501
"176" 528 507 520 483 505 488 487 500 506 488 468 500 494 533 505 522 521 479 505 492
"177" 491 490 510 516 506 520 523 477 518 498 493 492 483 503 505 500 527 497 482 484
"178" 486 496 480 498 476 525 488 497 477 496 472 484 506 512 498 504 481 511 510 498
"179" 494 483 493 489 509 507 514 500 492 500 526 506 523 500 528 496 508 509 500 523
"180" 503 492 505 487 480 528 496 483 481 513 506 510 482 517 500 548 510 518 489 513
"181" 516 495 475 489 495 495 503 490 505 521 520 497 514 502 488 485 493 517 486 501
"182" 526 508 518 498 503 505 528 502 481 482 523 504 497 478 498 493 483 497 505 483
"183" 493 496 506 507 495 503 499 489 482 511 521 533 511 486 499 502 487 487 491 509
"184" 523 498 522 499 509 491 491 524 486 487 479 512 493 509 495 513 489 497 475 534
"185" 516 489 498 504 507 500 477 490 509 491 515 500 498 495 468 485 541 482 491 483
"186" 503 483 486 516 488 515 476 500 482 496 508 484 492 508 502 511 473 492 512 486
"187" 500 516 498 519 479 484 505 479 510 518 511 507 503 507 500 491 505 502 515 503
"188" 495 506 517 461 540 484 512 488 497 482 516 503 507 513 506 509 498 489 513 499
"189" 463 522 510 489 528 497 506 514 505 508 502 491 502 524 536 502 501 475 506 512
"190" 470 496 489 483 457 521 516 491 520 501 481 528 479 506 492 473 471 466 490 504
"191" 515 497 515 494 458 498 470 492 497 499 500 519 510 490 517 509 515 506 487 500
"192" 492 503 447 525 459 506 509 495 507 510 479 455 529 505 529 500 481 493 478 520
"193" 499 514 503 526 510 500 471 535 510 477 491 491 494 517 496 479 510 497 494 494
"194" 493 492 503 502 492 496 506 495 524 501 504 505 506 497 509 496 484 494 507 515
"195" 515 508 527 490 504 512 522 494 495 500 490 510 500 496 493 503 513 523 486 500
"196" 495 500 485 522 501 483 515 505 471 474 513 477 486 511 521 471 487 502 492 486
"197" 516 482 464 525 489 488 531 514 504 527 494 520 479 502 480 508 463 471 477 486
"198" 473 470 508 480 488 527 519 499 514 488 506 520 505 495 506 509 482 510 525 489
"199" 502 497 494 504 497 510 527 508 502 497 496 524 516 503 498 479 493 477 518 464
"200" 497 522 512 489 523 501 500 521 472 504 481 534 518 519 484 497 510 489 488 527
"201" 545 483 497 486 525 494 496 509 479 521 506 482 493 490 478 506 493 502 485 488
"202" 480 488 504 471 503 501 509 479 491 507 479 489 531 468 474 507 513 518 498 519
"203" 494 513 485 505 517 487 515 517 486 498 515 502 522 495 487 479 494 513 523 508
"204" 531 489 493 529 495 489 504 501 496 519 510 514 489 510 506 512 497 514 493 493
"205" 488 493 492 495 487 504 483 498 506 494 476 498 512 508 495 514 509 493 486 489
"206" 468 523 475 539 490 507 482 476 492 482 485 493 503 501 497 500 513 521 515 518
"207" 490 492 506 500 462 512 510 521 496 511 490 498 495 494 484 499 506 510 502 522
"208" 502 527 507 477 486 510 506 518 478 469 503 508 504 504 491 524 485 482 504 492
"209" 459 513 503 492 506 495 474 516 486 511 492 494 492 464 502 511 500 502 499 490
"210" 491 497 501 503 502 531 487 482 486 501 515 503 501 515 499 523 525 495 483 514
"211" 494 491 470 500 473 508 498 502 514 531 497 506 495 489 507 512 531 488 501 474
"212" 505 508 481 492 526 486 506 517 519 502 517 493 502 504 489 492 499 495 501 508
"213" 489 490 492 502 488 497 499 515 491 497 497 514 469 523 489 517 496 493 505 507
"214" 497 510 505 493 485 479 524 493 455 481 498 495 523 479 503 498 479 506 503 472
"215" 490 491 521 518 514 521 461 548 493 487 501 483 517 470 496 510 522 517 475 498
"216" 537 509 497 497 478 483 512 521 502 522 506 503 505 499 490 478 480 510 493 497
"217" 491 501 492 497 488 512 491 494 523 466 509 494 521 484 535 494 505 508 496 502
"218" 496 471 504 515 504 523 503 490 512 501 510 525 512 517 493 487 501 502 506 512
"219" 488 484 509 487 510 499 520 522 511 507 518 476 484 506 496 503 476 495 504 469
"220" 463 494 496 503 505 506 511 513 454 487 489 519 531 506 523 486 510 501 528 466
"221" 498 520 516 506 503 493 511 520 498 499 502 487 499 499 493 485 478 496 497 478
"222" 472 477 478 489 503 482 481 537 521 481 496 525 522 520 495 495 469 493 483 503
"223" 505 479 498 477 514 495 496 506 502 517 489 492 507 520 492 475 515 497 489 501
"224" 503 536 512 486 512 498 487 492 496 492 516 497 506 492 515 511 447 505 492 522
"225" 491 503 490 505 518 502 485 518 500 485 508 485 496 499 513 506 486 517 531 481
"226" 472 550 529 484 484 483 496 495 467 486 499 499 492 493 511 522 513 479 492 495
"227" 497 517 487 503 487 492 501 514 478 486 479 510 494 518 481 448 511 482 500 487
"228" 502 492 496 461 513 526 542 504 493 495 489 486 482 500 518 487 496 511 489 508
"229" 502 507 477 491 523 510 478 495 519 479 490 502 505 480 543 462 520 491 514 496
"230" 526 500 541 522 480 487 473 501 506 488 519 512 461 521 532 485 498 493 522 507
"231" 509 525 483 514 519 515 519 468 520 508 486 508 497 489 507 474 506 507 507 497
"232" 490 511 479 517 493 492 510 505 499 526 514 502 515 518 489 488 479 516 480 510
"233" 483 524 508 489 493 490 467 527 515 495 487 488 510 500 526 531 495 465 511 480
"234" 470 486 519 487 505 522 493 492 500 499 504 503 489 493 488 521 505 496 482 482
"235" 492 501 518 510 519 466 504 504 497 520 492 518 501 520 497 491 495 503 499 497
"236" 510 510 494 494 507 498 508 478 496 482 513 497 503 498 517 480 529 502 487 513
"237" 513 526 519 504 531 496 516 534 501 506 501 479 505 520 518 494 507 466 510 528
"238" 523 503 519 502 492 515 502 494 509 484 505 501 497 515 490 491 493 533 496 514
"239" 463 503 501 506 488 515 491 498 476 481 511 498 507 505 504 498 496 506 513 496
"240" 504 496 508 530 521 516 515 509 486 544 491 499 524 518 488 495 506 504 506 469
"241" 496 497 495 489 500 495 500 491 492 499 473 514 500 474 483 503 531 502 492 508
"242" 509 514 518 514 515 492 518 510 508 487 492 506 513 452 491 528 508 505 518 485
"243" 489 512 517 486 506 502 516 514 480 492 502 466 473 476 545 511 495 496 492 528
"244" 500 512 487 487 520 487 507 504 512 511 489 492 482 519 507 490 494 532 483 513
"245" 507 485 475 528 494 491 496 494 509 509 505 517 530 500 497 475 518 493 497 493
"246" 503 493 501 505 519 497 519 487 497 476 496 496 495 500 472 470 487 530 504 484
"247" 515 481 497 506 513 476 482 510 502 509 522 487 509 491 513 489 482 503 517 481
"248" 498 533 476 499 498 504 532 480 523 501 505 474 503 492 496 483 508 469 527 514
"249" 512 481 480 497 484 535 507 509 522 505 504 529 502 524 494 520 517 487 501 513
"250" 491 495 501 512 525 508 487 487 509 487 530 495 482 521 537 535 501 512 503 474
"251" 512 454 477 492 483 486 511 502 526 499 484 497 477 506 502 493 499 500 493 516
"252" 482 485 514 485 527 531 494 481 495 497 501 513 517 501 496 481 496 497 534 511
"253" 503 509 507 540 497 489 508 504 502 474 515 505 527 508 500 493 494 481 484 501
"254" 506 492 509 513 504 515 498 502 504 515 533 492 491 505 483 475 479 496 512 508
"255" 520 486 506 484 489 512 497 499 470 485 530 510 512 483 538 490 517 489 495 464
"256" 516 508 494 483 499 498 484 486 486 475 510 499 507 486 523 500 497 501 482 528
"257" 496 521 492 515 459 536 510 474 496 524 493 471 502 490 500 510 520 482 526 510
"258" 499 489 496 508 521 507 512 509 504 473 511 470 509 490 499 505 519 521 485 515
"259" 479 516 515 485 483 500 493 520 490 496 515 516 495 506 539 504 478 495 493 502
"260" 506 512 509 491 488 477 502 476 499 495 512 480 465 504 500 500 487 513 494 512
"261" 524 505 479 487 506 500 486 495 507 515 508 481 481 498 518 496 492 502 519 499
"262" 514 497 508 512 507 514 464 506 485 498 492 492 496 507 502 518 489 513 504 517
"263" 523 513 493 527 503 491 489 491 494 499 501 505 477 486 514 509 505 498 491 504
"264" 485 513 513 497 504 491 518 532 484 480 491 512 505 518 508 495 475 492 472 528
"265" 507 475 492 488 504 486 490 501 522 460 511 494 503 497 532 486 513 493 518 494
"266" 503 510 476 518 513 483 503 522 502 491 507 485 485 536 499 487 517 483 491 486
"267" 500 515 456 509 488 495 511 505 514 480 476 497 523 501 504 489 489 532 494 519
"268" 501 481 511 523 499 490 488 525 506 494 511 517 491 495 510 479 506 514 519 473
"269" 490 515 530 510 517 475 483 473 497 501 531 505 488 487 503 500 479 478 469 531
"270" 501 484 492 504 478 489 505 484 517 507 517 515 528 502 490 475 509 516 503 501
"271" 502 511 494 508 503 506 487 500 497 510 488 503 520 526 510 476 481 507 498 495
"272" 495 490 487 513 493 522 502 504 522 495 514 537 522 509 519 481 487 497 485 500
"273" 521 497 495 504 519 510 471 492 512 525 497 471 528 465 503 505 523 483 513 475
"274" 493 495 490 522 511 495 522 502 480 540 515 528 485 532 506 492 484 469 492 511
"275" 470 502 510 525 495 497 485 470 499 500 498 488 502 532 495 506 516 477 521 483
"276" 508 494 488 517 490 499 500 479 512 513 481 487 491 485 500 479 513 494 475 467
"277" 502 507 493 511 507 490 494 497 528 482 507 490 492 496 481 500 488 521 522 476
"278" 471 497 533 517 479 519 494 496 497 487 524 507 481 497 500 506 514 490 495 509
"279" 483 522 499 469 516 483 514 496 495 529 501 512 528 503 520 496 511 511 501 500
"280" 493 494 480 502 465 479 493 477 467 529 522 471 492 498 508 493 528 492 514 509
"281" 505 500 508 498 465 493 496 505 509 479 516 506 481 472 510 476 508 484 505 479
"282" 501 492 494 480 507 459 491 486 525 483 497 497 481 521 489 462 486 496 513 486
"283" 497 500 494 493 500 506 502 526 490 494 517 479 517 480 522 482 499 515 480 515
"284" 504 498 509 480 504 523 476 510 490 514 490 514 475 503 535 505 484 523 538 479
"285" 492 485 510 527 500 492 520 529 504 507 477 477 495 508 524 503 493 490 508 500
"286" 534 512 520 511 497 512 494 489 499 505 511 490 508 486 514 506 510 487 485 515
"287" 491 497 493 493 490 495 500 491 510 506 515 522 507 511 499 506 482 509 479 505
"288" 496 523 499 501 510 495 505 492 484 508 489 497 494 487 492 502 505 499 520 474
"289" 483 497 495 510 484 495 501 488 506 491 481 511 503 485 516 506 519 515 480 505
"290" 516 487 503 522 497 512 513 487 479 475 505 503 483 496 495 485 515 485 485 481
"291" 485 482 484 482 526 533 471 498 528 498 491 516 488 505 492 528 490 493 507 486
"292" 513 476 487 499 482 494 488 528 516 511 506 512 514 497 501 490 523 512 505 509
"293" 508 524 501 499 483 492 492 484 519 486 504 497 522 497 495 514 530 482 497 491
"294" 498 482 493 493 517 494 489 516 504 506 511 501 508 476 480 496 495 492 513 522
"295" 496 510 496 501 484 500 512 501 504 497 523 475 497 492 482 503 514 523 488 467
"296" 503 472 474 496 517 508 521 494 486 514 514 505 508 475 494 479 518 513 502 478
"297" 505 470 503 503 499 530 483 492 499 498 510 513 490 497 504 483 488 483 487 478
"298" 512 507 494 492 477 507 489 506 464 507 507 496 511 502 495 478 528 497 514 478
"299" 487 484 466 486 460 523 491 513 513 497 473 488 521 509 491 516 482 470 518 497
"300" 486 514 489 521 494 505 488 508 522 511 508 526 496 487 492 492 514 486 507 483
"301" 471 482 497 498 505 491 506 474 479 479 509 515 469 507 508 487 504 487 510 504
"302" 515 503 504 514 508 520 496 484 485 499 502 477 506 486 498 502 485 497 483 529
"303" 489 488 501 477 494 493 504 478 502 499 527 491 499 487 515 482 495 534 462 482
"304" 479 503 518 505 512 476 479 485 488 518 516 495 511 481 486 492 507 473 492 486
"305" 500 506 508 491 484 495 508 498 490 524 524 531 520 527 504 544 486 488 481 497
"306" 497 488 492 499 476 518 485 506 484 512 504 501 496 518 501 482 524 488 489 503
"307" 484 499 504 512 493 493 477 502 498 504 507 484 519 502 506 527 494 466 515 509
"308" 501 490 477 492 495 486 505 502 489 475 508 499 511 486 531 525 462 514 508 477
"309" 503 486 501 467 476 458 503 517 512 505 498 493 516 520 507 502 514 482 538 491
"310" 526 484 501 495 526 488 496 483 514 465 490 498 490 510 499 473 538 493 462 519
"311" 500 470 510 523 490 509 511 529 492 496 511 523 485 504 505 526 495 508 492 483
"312" 527 473 505 492 507 494 514 511 491 495 499 476 513 489 498 512 507 493 486 513
"313" 514 470 513 533 482 514 507 496 513 495 502 500 496 518 495 521 504 512 483 469
"314" 497 522 511 514 501 519 522 506 470 491 493 477 476 496 522 509 470 516 484 490
"315" 494 503 496 501 502 500 509 512 516 490 507 506 496 507 510 502 490 494 526 522
"316" 557 490 499 497 491 494 500 491 470 500 502 520 525 495 491 477 492 506 504 506
"317" 508 485 521 513 507 488 488 476 489 491 514 461 492 515 492 491 486 499 513 501
"318" 495 504 525 482 509 508 509 512 492 518 483 497 526 521 513 490 481 520 489 518
"319" 517 476 487 484 493 527 503 505 479 507 478 491 523 498 502 507 524 518 489 513
"320" 479 503 498 511 516 486 473 492 478 512 516 471 531 524 510 533 488 493 524 516
"321" 504 545 468 504 468 479 496 481 481 508 521 522 490 513 524 491 502 503 505 472
"322" 477 478 499 525 468 504 482 522 481 512 500 487 498 528 496 529 489 502 493 500
"323" 521 485 500 485 486 489 485 502 496 528 482 511 526 498 503 513 523 490 511 509
"324" 499 494 509 530 491 512 510 464 509 485 505 510 511 494 493 495 464 487 509 512
"325" 487 514 493 489 503 522 500 539 498 502 506 504 489 500 513 507 483 456 507 510
"326" 498 502 509 516 502 498 512 514 506 476 494 486 520 493 512 493 504 486 487 506
"327" 510 510 491 493 515 512 525 511 493 507 516 510 507 512 500 488 507 493 539 513
"328" 536 502 481 496 532 527 499 518 479 486 466 507 478 510 512 487 506 506 473 503
"329" 513 516 508 495 509 490 512 491 495 477 501 512 488 499 520 476 523 500 490 492
"330" 498 525 497 474 500 507 480 479 479 485 545 519 533 513 502 540 494 492 519 511
"331" 514 505 486 482 478 507 505 530 457 529 506 523 487 529 514 499 506 506 506 497
"332" 534 522 489 504 472 534 495 454 509 504 499 496 512 490 492 487 487 496 474 505
"333" 523 490 503 524 492 503 533 491 471 493 503 491 504 488 489 481 504 510 533 477
"334" 510 476 506 498 524 490 516 502 524 502 503 478 501 519 529 465 517 500 513 490
"335" 500 505 497 535 505 507 498 509 500 535 515 482 505 488 503 507 483 497 522 492
"336" 487 490 500 511 519 517 496 479 527 513 513 504 497 491 503 508 479 501 515 524
"337" 509 497 491 478 527 470 506 473 507 505 489 464 517 509 517 512 529 507 480 505
"338" 517 482 534 500 486 473 490 501 503 517 512 482 513 499 492 508 485 487 505 482
"339" 487 534 521 481 473 497 514 496 506 497 485 524 499 460 517 521 542 497 509 523
"340" 512 486 506 487 503 497 504 489 513 486 494 488 506 496 482 478 522 474 462 509
"341" 500 513 499 470 507 511 493 480 509 490 490 510 510 498 528 514 502 517 505 516
"342" 488 505 512 473 492 500 524 482 501 504 505 492 504 491 506 506 499 524 506 508
"343" 495 471 481 499 503 488 506 483 516 497 522 495 495 483 487 473 511 514 510 489
"344" 495 510 501 518 493 511 478 476 530 462 497 528 460 504 485 518 491 522 478 505
"345" 495 511 523 507 483 499 489 484 529 506 508 524 503 492 515 503 517 513 493 489
"346" 496 512 526 495 507 506 488 489 499 522 488 485 481 509 500 492 492 492 505 485
"347" 497 497 461 500 524 508 482 476 512 518 485 523 505 506 514 503 489 504 508 504
"348" 526 513 497 508 512 478 495 488 491 520 482 498 494 509 482 506 479 488 513 519
"349" 471 528 498 510 485 486 509 495 500 485 500 511 481 476 493 473 512 530 508 495
"350" 475 518 508 506 486 491 502 508 522 511 489 483 511 503 484 493 492 498 500 503
"351" 473 484 453 487 495 503 508 508 526 483 514 519 510 503 497 482 519 493 507 510
"352" 479 524 515 513 504 514 515 490 503 518 465 484 477 515 522 495 493 480 502 523
"353" 504 495 516 541 478 505 515 509 493 488 452 495 500 499 518 497 519 505 489 515
"354" 526 501 498 496 516 521 536 506 509 491 485 505 519 532 499 495 505 489 485 464
"355" 492 524 503 479 532 504 505 475 502 487 494 494 510 530 491 493 502 497 515 506
"356" 497 501 466 501 518 531 511 474 488 520 516 498 501 517 506 515 511 502 511 504
"357" 501 501 503 511 520 502 511 495 504 511 507 500 507 525 480 505 487 504 479 495
"358" 490 476 505 498 500 521 497 488 528 508 495 499 490 479 510 479 547 473 495 515
"359" 507 544 502 494 471 488 500 459 530 504 493 493 493 486 534 515 491 494 483 501
"360" 482 495 499 509 493 490 505 487 521 501 513 499 498 520 489 517 486 490 498 500
"361" 513 489 516 478 496 486 515 510 499 483 524 510 491 509 483 496 518 475 477 481
"362" 509 483 537 494 494 489 509 512 496 472 534 511 505 516 532 488 512 462 505 515
"363" 484 502 484 510 536 502 523 499 497 522 487 503 500 489 485 485 495 484 509 520
"364" 493 473 484 478 514 495 504 507 504 492 516 473 498 482 521 496 493 489 482 491
"365" 486 506 488 504 473 469 526 466 489 493 470 489 488 481 526 502 493 515 487 486
"366" 523 504 487 510 513 519 503 524 485 473 515 488 511 492 483 511 503 512 510 493
"367" 493 460 511 503 489 504 481 503 495 486 522 484 509 521 484 546 505 526 463 521
"368" 497 494 515 488 538 510 498 492 497 526 521 504 491 472 511 495 503 514 490 499
"369" 497 502 483 525 497 516 503 491 547 501 487 505 467 499 516 493 526 473 541 488
"370" 516 505 507 506 499 473 490 478 497 499 482 500 490 520 523 507 498 495 497 484
"371" 509 512 506 502 521 505 497 495 494 503 482 515 503 516 532 529 517 517 475 500
"372" 480 486 488 512 481 510 511 463 508 504 496 475 510 491 498 477 513 533 488 490
"373" 500 467 490 514 495 519 475 524 496 494 510 490 516 493 506 474 478 502 489 515
"374" 490 507 494 496 501 500 501 492 490 468 495 495 520 498 507 491 515 509 528 504
"375" 495 498 507 529 501 470 499 521 500 546 498 521 494 514 515 503 517 480 508 504
"376" 519 492 534 520 501 491 495 497 482 487 478 497 505 490 502 485 498 488 492 525
"377" 523 495 498 492 515 490 535 502 495 482 476 475 490 500 517 513 494 476 500 511
"378" 506 495 518 485 481 475 493 488 512 476 505 503 498 493 491 526 504 496 489 528
"379" 487 500 493 517 474 465 484 481 519 466 502 506 497 505 509 497 500 514 480 479
"380" 494 531 509 499 479 502 526 483 510 504 502 507 484 491 506 479 504 506 534 511
"381" 488 521 506 525 516 485 514 489 476 503 493 455 499 493 499 503 500 488 464 506
"382" 502 500 503 506 513 491 505 517 499 526 475 492 496 482 515 464 501 497 497 493
"383" 502 492 519 510 505 494 514 489 525 507 514 497 519 519 496 496 515 448 489 523
"384" 486 511 490 508 509 458 496 517 506 492 494 501 500 499 498 488 501 521 487 489
"385" 462 502 507 496 486 509 503 501 522 490 514 499 477 489 528 498 501 505 502 509
"386" 507 484 502 477 494 497 491 500 487 499 513 530 507 512 518 503 497 498 485 482
"387" 470 521 496 476 479 513 495 486 482 514 506 498 505 506 486 526 504 486 488 514
"388" 477 500 502 514 514 481 506 470 533 484 495 505 499 499 497 503 506 488 483 487
"389" 505 500 499 499 497 478 469 496 494 501 512 502 497 493 508 496 502 469 523 486
"390" 491 512 497 514 470 478 502 506 507 484 490 497 520 482 487 506 485 489 517 516
"391" 481 499 503 477 512 505 502 499 504 514 505 489 477 475 484 511 522 509 498 506
"392" 486 476 534 491 504 497 487 496 495 514 488 479 495 488 490 544 484 492 511 502
"393" 519 507 483 519 511 505 490 527 499 506 508 509 489 525 502 523 526 492 522 502
"394" 472 499 481 495 484 496 505 499 485 487 481 513 482 487 495 499 514 514 495 466
"395" 505 493 525 518 486 513 511 498 516 495 483 509 497 481 518 490 510 501 482 515
"396" 500 498 504 497 507 513 507 522 481 497 499 491 517 481 515 492 508 504 498 491
"397" 512 501 494 479 498 484 489 481 473 517 483 509 505 506 465 473 504 492 520 502
"398" 474 500 510 531 520 502 527 548 496 515 484 500 515 526 501 487 497 515 519 497
"399" 525 473 500 497 484 514 493 493 506 527 505 507 506 503 501 493 510 480 511 486
"400" 529 504 505 498 506 511 513 522 503 491 492 509 496 489 510 487 511 484 496 485
"401" 458 472 507 493 456 501 489 512 499 480 498 498 508 498 507 490 520 498 479 527
"402" 504 490 476 506 480 481 493 485 497 513 498 484 514 495 494 497 502 507 506 503
"403" 533 492 486 511 504 486 489 521 524 486 521 491 518 502 531 517 499 519 513 522
"404" 468 512 515 503 495 511 498 488 508 549 502 511 481 518 504 478 510 494 504 497
"405" 520 484 498 498 494 498 533 487 520 481 512 520 499 513 497 504 480 510 524 483
"406" 458 511 498 510 493 488 505 507 492 486 495 488 522 510 512 501 488 504 508 520
"407" 525 501 485 479 506 473 514 495 507 474 492 478 519 507 494 487 491 462 510 516
"408" 533 515 507 511 494 501 499 494 494 527 496 495 497 518 505 484 486 482 512 504
"409" 507 495 494 474 523 524 507 496 489 489 492 496 506 531 501 489 515 528 494 493
"410" 497 507 504 492 512 502 518 472 523 502 494 509 483 489 485 492 505 488 499 497
"411" 482 496 492 496 517 501 497 488 508 476 496 519 513 505 511 495 500 502 488 504
"412" 465 503 499 518 526 502 513 469 530 526 496 467 487 507 517 471 513 536 484 494
"413" 511 505 502 487 500 493 465 521 523 511 512 499 528 483 497 500 507 470 498 484
"414" 467 505 491 501 470 476 515 488 463 504 519 494 484 498 510 480 493 514 484 500
"415" 508 508 528 466 489 499 518 479 493 502 530 501 507 540 492 499 485 479 506 494
"416" 503 491 518 530 499 504 511 524 506 496 507 520 515 513 484 501 516 512 502 501
"417" 497 520 482 474 491 514 519 519 515 498 501 525 517 506 491 493 503 511 483 473
"418" 498 530 513 526 521 495 515 487 508 478 477 460 494 520 483 519 481 502 500 496
"419" 476 501 505 505 492 491 502 501 505 477 472 470 503 500 485 495 484 503 523 501
"420" 538 525 488 467 527 494 486 506 497 492 498 491 501 542 465 494 487 510 497 480
"421" 495 484 510 499 489 492 536 498 507 509 505 508 511 530 505 512 480 486 506 508
"422" 503 483 487 501 516 512 500 545 487 475 492 513 474 499 492 479 497 515 495 492
"423" 494 480 501 469 481 518 510 522 486 517 524 507 515 511 516 517 515 506 495 527
"424" 501 511 478 492 516 490 532 473 482 493 487 511 495 533 494 512 504 501 507 502
"425" 473 502 490 540 498 497 512 506 490 510 505 502 533 497 514 484 515 496 486 493
"426" 529 510 471 506 490 517 509 500 510 484 497 516 533 477 460 519 521 488 474 497
"427" 521 467 492 527 509 507 499 488 500 509 478 517 501 478 479 500 525 493 526 498
"428" 489 501 508 502 491 503 493 521 470 505 500 496 460 481 506 496 468 515 528 492
"429" 516 496 499 483 492 491 500 503 510 520 509 505 497 485 478 498 496 521 518 521
"430" 491 537 482 513 505 484 483 504 494 481 518 504 528 526 505 481 484 524 528 502
"431" 525 497 496 484 512 474 482 483 483 501 513 520 502 519 487 497 507 524 532 513
"432" 478 480 509 467 491 514 495 491 515 492 492 538 516 497 516 506 534 486 502 509
"433" 497 511 487 512 525 510 505 483 488 503 505 490 522 510 495 474 517 505 488 482
"434" 502 436 529 492 485 512 509 511 480 483 519 531 486 530 485 499 490 505 485 496
"435" 549 511 497 506 504 527 512 497 510 499 495 499 478 502 495 490 507 491 514 503
"436" 507 506 521 487 503 488 518 525 510 486 496 517 498 496 508 505 498 510 524 502
"437" 515 493 536 494 488 494 515 503 515 506 505 502 487 473 487 495 493 483 485 504
"438" 492 513 480 491 473 503 514 499 499 494 493 510 480 496 509 490 491 516 513 502
"439" 498 490 475 502 507 469 539 506 502 534 516 512 508 539 497 488 512 474 503 522
"440" 506 473 491 500 496 501 468 493 482 522 512 507 495 501 519 500 499 494 485 507
"441" 519 481 476 497 484 486 497 511 493 495 515 505 454 492 490 484 481 492 500 492
"442" 503 494 517 524 519 498 504 506 485 514 464 506 491 483 522 519 495 514 500 513
"443" 522 507 516 505 502 484 497 509 490 497 516 508 504 494 503 498 505 520 487 503
"444" 483 511 500 463 483 495 499 502 486 496 509 506 486 507 484 510 516 500 489 533
"445" 475 492 503 483 496 491 495 500 508 505 503 540 499 512 503 480 499 529 507 491
"446" 519 489 492 497 513 496 492 485 507 512 483 487 515 498 501 512 496 479 490 475
"447" 503 478 521 491 528 473 484 508 467 479 482 518 499 536 520 494 505 494 498 493
"448" 459 501 531 504 487 506 502 486 520 499 487 502 506 474 513 491 485 468 520 481
"449" 486 487 510 489 530 491 475 531 514 508 480 482 488 510 482 515 483 487 482 506
"450" 503 528 509 507 502 500 483 474 514 523 505 505 515 469 500 486 504 526 471 504
"451" 498 519 512 483 497 534 494 506 477 512 497 522 515 502 499 478 504 502 513 517
"452" 520 503 506 497 502 498 513 494 493 488 492 479 468 497 498 498 510 486 500 485
"453" 511 505 512 497 511 517 470 485 505 546 501 489 500 507 500 520 529 499 510 512
"454" 520 528 495 503 492 468 507 471 509 504 501 488 503 491 514 502 487 464 494 514
"455" 500 496 488 508 500 496 496 476 490 472 510 511 499 493 489 491 486 477 514 495
"456" 509 501 521 479 535 512 498 519 496 495 504 476 493 511 509 497 510 482 507 488
"457" 517 485 487 517 494 514 503 522 494 500 489 502 520 489 513 490 489 491 508 522
"458" 520 519 493 498 514 508 502 496 507 517 492 484 531 480 483 530 498 495 489 477
"459" 518 482 515 513 484 499 522 505 496 528 496 511 477 496 520 508 506 519 498 493
"460" 472 521 492 489 501 515 492 509 522 499 468 467 511 505 477 501 494 471 486 505
"461" 491 487 491 494 504 498 488 503 497 481 465 485 510 499 498 502 506 473 497 498
"462" 504 502 493 499 490 476 509 518 494 517 520 493 497 487 507 516 497 512 501 501
"463" 531 523 510 511 459 490 501 489 499 537 501 523 498 518 479 478 524 509 508 498
"464" 497 516 502 479 533 506 504 500 518 514 520 497 466 459 488 514 498 503 488 514
"465" 488 491 500 494 487 494 500 474 489 524 511 505 481 474 505 509 485 538 531 490
"466" 489 513 495 477 500 491 491 489 478 485 539 529 496 507 493 493 522 522 497 491
"467" 530 514 498 480 482 498 495 507 531 478 510 484 496 501 508 508 481 494 506 525
"468" 501 515 508 505 491 496 502 517 516 508 522 511 482 495 492 512 507 529 504 498
"469" 501 477 487 499 478 525 500 486 526 503 503 503 474 495 522 506 503 497 509 474
"470" 502 490 501 501 514 474 477 466 501 520 488 504 488 487 487 530 487 470 513 478
"471" 494 490 507 483 489 503 517 487 481 463 513 498 488 487 512 524 492 485 488 513
"472" 492 481 509 518 503 493 489 474 484 485 525 523 468 480 490 487 481 523 511 528
"473" 494 509 524 471 523 485 493 478 526 499 503 500 498 506 495 513 507 508 513 510
"474" 500 497 521 543 480 493 494 475 478 507 490 494 488 467 492 509 498 502 527 485
"475" 512 491 481 499 502 499 488 471 515 512 507 516 477 487 498 499 524 489 502 482
"476" 479 483 487 498 515 488 505 502 478 488 476 510 484 495 505 507 516 476 490 510
"477" 473 478 507 489 496 498 509 501 496 518 506 494 485 493 500 499 507 513 510 500
"478" 508 515 469 489 496 476 500 504 483 519 493 521 501 508 476 512 485 498 492 524
"479" 479 501 513 498 480 505 511 492 490 511 497 485 550 502 508 508 470 483 491 490
"480" 499 531 500 481 521 501 469 528 491 484 481 503 508 501 516 504 498 520 490 505
"481" 504 495 508 509 494 491 467 497 493 519 489 493 512 496 481 510 524 515 527 506
"482" 483 482 491 507 510 504 484 513 524 509 499 458 483 483 500 512 503 498 495 472
"483" 487 511 496 491 501 525 483 535 510 488 496 471 528 487 499 514 479 504 501 496
"484" 475 508 527 502 498 503 502 529 510 471 487 508 501 532 518 493 491 498 511 524
"485" 499 526 517 517 514 501 498 540 511 515 516 483 521 482 481 512 492 491 488 510
"486" 497 482 489 483 487 506 488 473 521 478 507 499 500 521 513 509 496 489 522 514
"487" 513 527 478 504 487 515 505 499 500 476 491 503 482 510 486 496 527 499 523 488
"488" 499 480 506 491 515 510 504 497 525 492 517 482 506 505 496 504 508 476 512 508
"489" 489 473 498 525 520 476 498 491 490 478 485 508 512 496 474 497 512 509 506 489
"490" 500 498 482 492 492 505 481 507 500 480 491 504 494 488 511 496 511 507 471 489
"491" 514 498 486 512 472 495 500 507 489 512 511 512 505 501 499 499 504 492 504 470
"492" 467 490 527 503 489 519 504 496 503 479 505 527 508 506 499 499 524 500 490 499
"493" 529 531 505 496 490 479 498 483 509 507 495 488 508 489 510 506 501 535 502 496
"494" 457 506 510 491 508 481 507 497 480 519 462 517 497 509 520 475 500 527 512 512
"495" 513 479 515 490 507 529 514 525 537 505 491 498 533 447 463 501 520 521 492 523
"496" 509 507 494 479 489 517 518 480 481 475 483 490 494 508 500 516 485 482 507 504
"497" 484 526 543 498 478 509 496 502 482 449 520 478 513 498 507 480 499 502 463 491
"498" 481 525 519 491 521 507 485 494 483 499 510 501 517 499 492 488 512 523 510 530
"499" 511 520 499 497 495 506 502 470 521 504 518 483 468 484 494 480 507 504 520 513
"500" 502 484 495 513 500 510 528 488 504 514 483 498 496 483 493 510 495 495 502 508
"501" 503 487 491 510 468 482 527 490 508 540 483 504 502 504 516 510 491 511 489 505
"502" 513 530 488 502 515 504 488 496 503 488 473 509 492 497 488 518 512 505 517 513
"503" 491 505 545 514 506 490 505 505 489 486 515 511 531 474 509 488 523 516 475 503
"504" 505 495 522 494 486 480 527 502 502 495 476 499 492 516 519 495 473 522 484 487
"505" 493 520 509 531 489 495 494 483 508 471 506 504 495 494 481 474 503 501 515 476
"506" 472 517 516 464 481 520 505 481 492 496 480 500 505 507 494 498 488 496 518 528
"507" 493 507 486 495 515 486 486 499 516 514 508 475 510 498 484 500 482 470 476 493
"508" 503 514 512 523 467 502 504 485 483 483 493 506 478 492 523 472 480 476 499 501
"509" 525 500 501 501 488 524 496 511 493 481 500 481 494 469 501 519 518 534 487 515
"510" 492 484 524 531 500 486 494 494 490 516 509 497 504 483 482 539 520 498 499 481
"511" 474 472 507 512 498 498 492 503 499 487 508 516 533 513 519 515 500 529 486 512
"512" 511 505 509 506 520 485 498 512 510 496 503 485 528 482 483 490 516 489 481 509
"513" 512 511 484 492 496 480 512 517 519 498 517 494 502 505 497 508 505 491 487 522
"514" 511 505 470 498 508 471 511 493 506 513 483 514 475 492 529 472 506 505 481 517
"515" 505 457 478 500 486 507 475 495 510 507 490 501 519 505 485 488 527 527 525 497
"516" 488 506 474 513 498 487 497 532 510 479 509 503 496 490 480 477 495 497 495 496
"517" 468 481 499 515 494 527 489 490 501 508 502 517 514 502 493 507 529 476 480 510
"518" 489 504 501 511 515 529 503 519 510 532 495 481 509 494 516 495 471 493 482 471
"519" 480 510 477 508 512 490 551 499 512 508 488 471 525 482 485 489 513 510 517 526
"520" 497 534 501 526 535 524 468 489 518 491 505 481 485 505 520 525 508 527 472 491
"521" 513 484 532 521 522 528 501 509 532 512 500 507 472 508 480 480 510 503 472 489
"522" 478 513 517 507 522 522 502 490 508 516 499 490 518 497 519 500 522 512 515 515
"523" 507 472 509 508 528 487 492 502 519 510 503 489 481 485 502 488 507 526 480 501
"524" 488 491 505 485 504 533 490 518 516 517 502 502 504 491 486 498 506 517 491 486
"525" 504 454 510 491 503 501 526 503 488 491 492 496 482 490 511 492 493 462 503 483
"526" 527 501 496 482 530 531 506 499 495 497 498 511 525 495 517 506 507 519 502 479
"527" 493 483 515 495 505 520 509 500 533 526 531 511 469 518 500 498 497 462 490 495
"528" 478 487 510 476 510 521 483 486 482 499 480 522 515 493 496 497 505 497 499 481
"529" 531 511 498 499 489 495 488 510 506 522 511 463 525 518 506 522 484 520 490 512
"530" 508 514 485 516 477 503 486 505 490 503 520 491 494 488 519 474 491 507 468 504
"531" 493 542 498 514 497 508 497 485 503 512 507 509 496 519 512 503 503 495 484 504
"532" 496 469 502 473 491 511 523 503 506 484 514 520 493 497 484 494 503 507 499 500
"533" 526 500 482 506 523 517 503 501 503 507 489 525 468 512 524 496 503 553 506 477
"534" 471 488 504 527 496 500 514 500 536 483 511 514 501 514 504 483 494 490 509 459
"535" 478 490 516 504 517 497 504 515 513 492 510 509 494 496 493 524 484 514 489 502
"536" 477 500 500 489 502 465 502 484 480 514 493 483 471 477 499 479 492 515 486 514
"537" 493 523 528 512 490 506 502 495 514 492 492 521 478 502 498 489 519 481 500 512
"538" 496 489 477 487 482 498 479 488 499 513 515 472 469 517 470 491 527 495 497 480
"539" 504 535 491 498 493 510 505 520 499 493 483 505 505 516 511 524 512 488 475 483
"540" 502 518 476 507 475 497 520 497 521 502 520 515 524 508 500 511 535 495 483 512
"541" 502 509 502 523 512 518 530 480 477 487 515 485 495 490 521 481 512 520 485 476
"542" 482 512 509 497 508 513 497 487 488 497 484 507 498 460 525 509 509 512 481 486
"543" 510 502 499 481 519 491 485 510 498 515 526 505 488 503 489 499 497 517 502 488
"544" 496 511 491 487 489 512 508 509 492 477 498 498 501 500 506 496 499 525 481 470
"545" 508 487 496 495 506 487 495 510 494 481 533 512 505 535 538 486 525 496 500 492
"546" 497 520 534 486 503 483 498 492 492 504 506 504 511 490 504 496 502 496 530 507
"547" 498 524 496 477 522 499 498 500 519 508 487 509 511 483 491 474 480 470 480 476
"548" 492 499 527 499 478 521 489 496 505 476 507 496 484 508 507 493 508 513 488 490
"549" 503 485 502 511 479 469 481 508 514 469 513 478 507 519 501 489 508 492 499 491
"550" 498 488 482 507 518 516 522 507 488 488 498 488 492 513 513 482 515 545 495 485
"551" 532 503 487 497 497 485 531 503 507 492 512 501 468 487 479 491 485 520 495 494
"552" 505 529 479 488 483 507 509 490 486 507 525 514 496 481 512 505 499 511 492 493
"553" 499 485 481 495 511 483 491 518 478 517 488 514 491 498 520 483 493 502 485 495
"554" 482 482 514 490 508 511 508 499 480 459 484 501 473 469 500 491 484 497 490 483
"555" 484 482 512 506 519 501 483 486 519 523 476 466 497 467 492 516 510 485 511 474
"556" 504 493 489 480 503 494 525 500 492 513 517 494 525 490 497 505 501 491 511 494
"557" 471 494 495 473 530 475 502 492 552 477 493 503 500 486 513 504 487 515 495 478
"558" 545 492 514 500 512 470 493 498 534 525 501 516 476 496 534 497 497 513 472 515
"559" 520 494 525 497 519 517 453 524 536 494 510 514 507 511 490 517 495 513 507 481
"560" 501 479 496 503 510 503 492 481 471 501 528 502 475 503 513 483 490 512 513 470
"561" 487 509 499 522 492 504 494 483 506 501 517 492 494 500 500 498 502 513 516 503
"562" 463 498 519 455 466 508 527 497 521 500 525 499 509 514 477 487 496 501 495 511
"563" 510 494 542 458 488 490 526 470 484 494 514 508 510 515 473 502 485 508 476 519
"564" 505 470 514 514 489 490 486 493 497 525 509 485 502 522 474 502 507 524 515 484
"565" 515 478 523 484 483 519 480 470 480 486 465 532 543 510 518 480 458 490 484 501
"566" 499 496 479 489 470 506 535 533 472 469 503 501 501 489 497 495 487 473 524 518
"567" 501 499 543 498 491 500 520 503 510 498 499 492 480 541 506 501 490 499 505 491
"568" 494 504 509 462 483 516 521 495 489 503 492 521 506 495 492 502 499 518 480 511
"569" 492 504 485 477 482 507 483 495 510 505 503 513 484 509 506 493 523 486 523 509
"570" 475 485 517 497 480 510 501 497 490 489 473 491 484 490 502 484 491 514 507 491
"571" 496 493 502 511 503 505 511 506 500 504 482 494 491 515 515 491 525 486 497 478
"572" 515 479 484 496 492 482 508 505 501 485 507 504 511 508 482 523 514 510 496 522
"573" 503 485 490 469 461 492 516 493 516 482 489 505 498 518 481 527 501 510 512 517
"574" 523 503 491 506 484 508 543 530 505 504 511 527 495 490 494 497 505 496 507 496
"575" 498 500 466 489 489 495 480 518 475 533 478 494 513 493 503 507 528 493 506 536
"576" 514 537 513 487 496 495 494 502 490 516 514 503 507 478 487 496 502 498 532 482
"577" 494 520 503 518 494 498 497 495 522 505 469 486 490 474 492 457 473 517 518 485
"578" 484 489 494 511 498 492 515 501 490 501 508 504 496 510 495 502 513 517 506 482
"579" 525 504 498 474 488 495 503 480 496 472 496 498 497 478 487 494 494 511 521 516
"580" 477 508 475 500 507 512 485 512 532 471 487 502 499 499 505 476 487 499 517 488
"581" 516 498 505 500 510 484 503 494 507 490 493 502 512 489 517 493 519 529 502 499
"582" 495 514 512 463 505 492 508 508 498 469 510 492 506 498 502 492 496 483 514 503
"583" 496 518 507 490 493 503 530 510 490 510 472 528 507 515 494 501 486 510 500 503
"584" 482 491 490 511 471 483 512 516 490 515 533 514 507 490 493 518 465 517 488 507
"585" 516 521 494 502 472 494 515 500 506 497 484 469 525 495 511 520 480 482 505 504
"586" 502 503 497 490 481 491 498 463 492 495 498 497 485 498 505 488 493 499 494 501
"587" 484 489 468 491 482 477 494 512 500 495 520 513 486 497 499 481 485 496 513 517
"588" 477 508 483 495 500 502 527 496 492 482 502 468 499 499 488 505 497 478 504 497
"589" 497 500 538 531 476 495 534 491 511 534 508 493 504 512 498 464 481 492 491 499
"590" 502 506 501 476 518 487 518 528 488 465 488 494 494 481 517 475 505 507 498 475
"591" 489 504 526 497 508 499 491 483 495 491 486 495 487 475 497 505 501 497 495 492
"592" 483 486 489 515 524 484 522 500 466 484 503 488 498 519 530 487 519 488 498 500
"593" 487 494 493 487 481 469 506 496 496 486 489 499 513 515 502 516 518 522 508 502
"594" 515 503 501 499 521 526 478 488 519 484 501 514 495 498 520 513 489 509 494 465
"595" 512 515 508 541 516 515 506 475 498 515 484 487 510 507 508 496 503 498 501 522
"596" 502 494 489 478 511 488 504 496 508 496 495 499 500 525 528 506 530 486 485 481
"597" 489 510 517 531 479 514 487 482 490 516 482 494 519 495 507 507 475 509 507 477
"598" 496 501 512 484 519 486 503 513 526 493 489 520 507 478 501 485 526 492 522 499
"599" 514 465 478 505 507 512 532 491 504 496 509 489 497 522 491 514 512 492 465 509
"600" 529 496 509 485 478 494 488 492 498 529 529 484 521 487 483 518 504 504 505 461
"601" 520 486 515 542 489 502 514 497 514 489 498 515 509 502 493 473 480 477 488 476
"602" 513 479 515 488 518 540 528 509 503 471 503 524 496 497 485 487 502 473 500 498
"603" 515 476 491 497 503 522 473 526 493 509 509 514 490 493 486 518 493 502 494 498
"604" 508 480 506 516 517 480 534 489 537 503 473 509 526 538 538 495 479 492 512 507
"605" 501 480 490 503 489 492 507 500 512 500 499 486 503 510 512 498 503 494 500 469
"606" 519 499 528 492 525 528 497 455 501 490 471 527 497 482 484 454 524 510 496 512
"607" 496 483 515 506 476 517 509 499 484 530 460 484 494 506 474 492 493 506 502 516
"608" 490 499 519 521 521 523 498 507 490 487 528 480 520 484 494 501 486 494 519 517
"609" 515 476 498 484 526 477 509 504 495 519 512 494 502 459 496 504 513 503 514 474
"610" 514 504 516 500 491 493 502 506 487 520 523 532 490 518 513 491 481 483 488 521
"611" 504 509 486 509 513 507 477 488 497 487 501 501 494 517 489 494 485 505 513 496
"612" 534 490 499 478 518 493 498 477 508 471 499 487 503 542 522 508 498 498 519 514
"613" 488 502 527 503 497 531 508 514 497 496 504 485 493 499 489 499 527 499 494 516
"614" 506 471 494 487 509 498 523 493 528 511 465 495 500 518 505 513 512 488 507 497
"615" 487 508 536 488 505 513 501 539 477 513 521 522 496 497 486 506 484 492 468 495
"616" 481 496 505 494 513 469 527 501 503 479 514 508 475 501 503 467 487 490 498 489
"617" 519 490 512 486 499 504 530 520 485 501 493 512 528 511 521 486 498 497 498 523
"618" 502 510 503 496 515 489 494 490 478 492 523 513 503 510 505 540 463 508 483 501
"619" 486 491 490 503 499 499 476 520 475 517 479 496 511 498 494 491 472 500 485 514
"620" 499 488 463 484 495 506 515 487 488 494 528 532 471 501 495 498 498 499 512 489
"621" 499 481 485 500 475 485 476 501 482 509 531 517 516 481 516 497 473 504 513 517
"622" 507 493 504 525 501 489 525 482 502 486 491 489 496 531 516 518 509 490 470 479
"623" 514 504 484 494 507 520 494 523 489 493 489 503 486 499 493 494 506 514 523 520
"624" 500 528 494 505 469 508 472 498 511 492 502 515 494 504 492 512 500 505 488 497
"625" 495 507 531 487 530 501 520 488 516 500 510 516 497 497 487 519 487 500 522 505
"626" 509 506 487 512 530 491 513 507 463 514 473 495 508 456 521 456 495 493 496 524
"627" 500 504 512 499 491 481 494 494 487 459 493 487 523 512 511 500 497 490 514 503
"628" 507 479 500 496 514 508 500 498 508 481 494 493 503 511 503 496 482 480 491 509
"629" 516 486 510 504 517 496 501 480 481 529 494 519 492 471 487 461 502 514 538 505
"630" 479 509 506 530 491 507 479 498 494 509 514 492 509 486 519 509 493 471 517 511
"631" 510 489 525 497 478 517 508 502 478 515 498 484 542 526 493 517 513 509 500 492
"632" 486 481 494 512 506 466 471 503 514 483 496 480 504 516 508 520 477 462 508 499
"633" 508 507 501 501 495 501 539 540 518 519 479 503 521 489 502 519 508 502 487 477
"634" 523 476 511 496 476 518 501 507 487 460 525 477 464 519 511 526 506 507 470 482
"635" 508 497 503 483 462 530 486 489 504 472 491 511 504 506 496 524 505 517 501 519
"636" 497 490 491 495 520 513 496 509 519 505 484 498 521 473 533 511 473 493 536 502
"637" 491 495 496 482 511 505 504 520 478 514 508 516 466 523 532 486 482 486 502 474
"638" 501 514 507 523 497 506 487 477 493 493 507 500 503 497 532 510 507 477 492 474
"639" 482 506 521 522 506 499 499 511 493 492 495 505 504 508 494 522 505 493 480 513
"640" 508 498 516 484 507 494 504 499 491 486 483 481 522 499 517 491 472 499 494 528
"641" 505 481 502 488 518 502 498 483 495 484 492 478 508 499 510 475 524 495 506 502
"642" 509 545 511 510 517 486 496 467 533 502 478 482 474 509 497 508 500 492 518 502
"643" 527 508 517 481 496 463 518 493 507 497 501 525 503 510 494 515 489 516 477 500
"644" 520 475 514 493 507 514 498 500 489 494 521 501 493 535 477 496 524 504 498 503
"645" 505 513 499 503 506 474 472 486 488 507 486 491 516 472 518 487 499 501 518 533
"646" 487 496 510 485 501 492 480 484 518 495 506 500 490 493 485 477 486 490 485 476
"647" 506 506 502 504 485 504 517 490 498 507 484 485 486 480 489 493 489 514 516 514
"648" 493 497 500 498 536 487 515 522 494 485 492 512 492 482 518 472 496 508 479 484
"649" 482 502 499 479 520 502 480 488 468 531 478 476 508 527 509 495 496 507 470 500
"650" 541 501 514 495 493 500 475 481 531 527 509 486 495 503 504 482 462 513 495 514
"651" 481 494 499 501 525 509 486 502 478 500 521 522 501 507 507 488 511 514 505 513
"652" 495 495 506 483 477 536 495 493 495 518 518 477 519 456 477 501 470 523 509 516
"653" 517 478 489 511 496 525 525 504 483 484 522 498 473 529 505 486 513 512 487 514
"654" 521 486 497 496 540 521 513 506 491 448 478 521 544 480 525 502 525 471 495 494
"655" 509 489 493 528 470 498 484 495 499 524 515 492 500 498 501 481 515 498 512 505
"656" 501 510 494 503 522 480 499 517 496 512 508 497 504 525 488 516 531 481 525 499
"657" 487 479 487 487 473 464 534 484 472 538 486 468 498 516 489 496 517 507 515 515
"658" 471 468 499 483 498 509 516 490 523 518 504 492 523 523 502 501 514 506 505 492
"659" 497 504 485 495 507 504 490 513 525 505 502 496 502 492 513 507 528 504 492 512
"660" 526 498 492 507 510 482 506 517 516 487 507 502 504 495 530 512 474 526 518 511
"661" 534 511 487 501 509 499 484 505 496 480 491 497 472 527 487 482 480 517 497 511
"662" 509 490 487 494 501 477 482 499 500 510 499 516 500 501 492 500 492 514 479 493
"663" 498 485 524 500 502 502 510 493 499 505 478 476 510 516 495 511 517 501 483 495
"664" 488 511 515 494 503 491 503 485 512 514 504 473 490 522 498 484 479 517 482 501
"665" 512 488 499 487 488 481 480 526 486 482 498 498 505 495 506 505 504 490 525 484
"666" 500 491 500 517 499 497 489 512 495 503 498 494 498 517 524 477 455 498 486 495
"667" 518 495 465 517 498 493 484 491 500 478 506 518 514 473 514 494 531 496 493 497
"668" 496 494 505 514 495 511 489 512 501 531 499 508 498 504 492 514 480 477 482 495
"669" 497 488 484 485 481 487 495 499 483 500 480 493 483 490 470 480 540 501 500 500
"670" 499 471 489 521 496 502 490 464 504 466 509 497 479 502 498 534 497 470 464 487
"671" 499 494 476 497 508 481 503 484 485 520 511 502 518 485 509 519 534 487 531 505
"672" 517 528 502 503 496 517 507 507 498 513 507 499 516 475 517 473 501 513 479 517
"673" 504 483 473 489 519 534 473 495 485 470 461 523 501 507 512 502 523 513 513 529
"674" 524 517 520 511 495 491 487 510 516 490 487 519 499 474 526 508 474 488 510 481
"675" 491 508 480 503 482 488 510 509 521 474 488 512 508 515 489 477 510 502 521 478
"676" 519 499 498 526 507 489 493 522 495 500 476 500 483 495 504 490 508 514 522 507
"677" 525 498 536 489 498 484 506 492 494 511 473 494 509 503 502 470 512 477 498 497
"678" 510 486 510 488 503 504 487 485 472 493 513 482 514 496 499 482 510 508 503 520
"679" 490 503 507 501 484 505 508 518 490 492 482 501 526 515 489 506 505 474 497 470
"680" 490 475 494 472 508 509 485 517 512 491 512 516 481 491 488 476 527 484 515 521
"681" 496 483 462 517 509 483 511 493 503 496 485 502 489 495 495 495 496 483 512 508
"682" 501 546 498 506 494 510 484 505 517 542 501 495 497 510 489 497 476 485 489 498
"683" 522 517 535 491 519 511 510 516 500 470 491 510 497 489 492 459 504 520 537 517
"684" 495 527 489 509 503 487 526 494 473 506 504 516 502 508 504 506 488 540 499 503
"685" 482 515 518 504 484 449 506 488 496 525 523 496 523 503 470 537 513 512 517 478
"686" 545 508 497 514 515 486 504 481 515 499 483 502 511 505 472 471 484 519 484 518
"687" 516 504 522 505 487 486 504 482 490 513 508 496 516 495 473 506 464 495 497 503
"688" 488 469 511 506 504 509 511 513 520 511 480 500 489 514 505 514 508 497 502 516
"689" 468 493 509 510 520 474 502 491 479 495 498 478 510 530 490 488 508 510 545 516
"690" 487 522 513 467 515 521 491 503 499 526 476 497 494 505 505 497 511 515 503 508
"691" 493 479 482 495 517 522 527 497 519 518 503 519 497 484 485 498 505 532 507 533
"692" 500 469 498 509 508 512 487 482 509 489 508 507 503 512 509 489 500 472 509 512
"693" 510 482 468 509 496 499 499 516 491 497 507 488 522 493 527 475 503 490 501 496
"694" 495 512 486 478 525 513 512 522 492 495 515 525 499 491 519 506 499 522 496 495
"695" 508 492 501 497 506 500 488 468 503 540 470 519 506 483 480 541 484 542 504 509
"696" 490 499 533 497 506 515 493 531 493 494 503 525 486 494 502 487 495 487 494 524
"697" 510 494 481 500 491 496 494 498 483 496 525 522 497 486 502 514 520 523 502 503
"698" 503 494 495 487 481 489 503 508 478 510 483 517 478 496 505 510 496 520 506 486
"699" 513 483 516 470 495 520 458 492 499 495 523 504 467 524 514 505 508 481 534 513
"700" 530 528 491 488 480 509 492 503 512 492 505 495 498 491 512 509 504 512 501 509
"701" 520 513 500 471 497 500 499 510 511 500 480 533 489 515 511 506 511 531 508 492
"702" 506 511 488 498 510 519 516 501 486 509 509 510 504 489 514 502 487 516 521 508
"703" 515 507 503 494 514 504 524 497 504 503 480 500 485 540 491 498 505 495 474 464
"704" 506 517 491 509 514 450 479 475 511 513 503 488 490 496 508 496 464 517 507 499
"705" 462 500 500 510 489 478 528 501 484 507 514 483 490 497 506 461 497 523 524 537
"706" 502 506 488 496 483 489 521 531 523 499 514 507 502 514 483 490 504 496 489 511
"707" 488 506 509 506 474 502 499 498 466 508 500 498 503 496 499 519 508 510 495 483
"708" 507 527 500 488 517 516 507 497 497 484 512 530 513 488 528 520 491 503 483 484
"709" 500 492 493 507 488 501 455 488 503 494 493 498 498 489 505 495 541 498 478 517
"710" 515 493 483 498 507 511 521 487 478 499 507 515 490 510 500 494 484 472 526 501
"711" 526 501 498 522 513 493 481 506 520 501 521 505 495 498 518 480 512 478 504 512
"712" 500 495 497 518 511 504 508 494 495 498 488 498 516 531 492 498 512 487 506 503
"713" 504 482 468 524 467 493 479 481 477 502 533 491 493 513 476 505 496 541 498 522
"714" 495 489 500 502 516 517 484 492 483 507 479 514 473 516 494 512 542 452 492 492
"715" 514 487 473 489 489 497 485 496 492 495 493 503 493 491 499 505 478 499 484 513
"716" 504 506 518 487 523 503 492 494 506 476 511 518 522 494 490 492 485 507 494 515
"717" 491 497 491 503 482 471 505 467 478 517 499 497 507 505 549 502 488 498 509 518
"718" 511 519 484 494 513 522 518 497 523 481 496 494 494 505 518 513 523 498 504 515
"719" 478 504 507 501 490 503 491 498 513 494 516 495 516 505 529 506 503 490 501 500
"720" 496 504 505 527 524 498 495 476 500 505 513 512 502 515 510 515 469 525 472 495
"721" 502 524 501 503 509 500 485 512 488 521 503 487 501 502 524 508 510 503 498 518
"722" 490 492 514 500 507 481 484 475 498 488 491 482 485 508 457 509 493 499 483 509
"723" 486 484 490 513 499 529 494 471 483 520 496 480 491 485 502 531 468 516 485 491
"724" 490 491 494 509 488 506 470 498 475 511 510 512 509 527 514 489 522 511 496 487
"725" 493 492 508 501 498 484 499 493 507 512 506 533 493 502 524 494 498 463 486 525
"726" 492 500 502 461 476 498 498 482 501 502 493 511 485 501 537 502 467 523 519 480
"727" 482 504 485 506 512 506 478 495 504 539 499 488 497 508 521 505 469 482 498 476
"728" 495 496 492 509 526 504 526 505 506 502 519 502 516 515 479 493 506 522 494 470
"729" 525 495 484 487 487 516 484 500 487 501 500 462 521 500 483 515 511 513 484 468
"730" 503 485 486 501 491 495 498 495 492 516 502 544 513 517 505 497 515 484 469 511
"731" 508 517 523 509 479 508 470 483 517 493 496 510 510 482 486 502 500 491 478 476
"732" 516 530 526 484 490 491 531 500 492 488 507 472 508 490 524 527 504 484 515 468
"733" 501 502 486 506 523 513 483 511 511 519 523 480 477 518 489 524 500 470 519 489
"734" 525 501 532 514 521 523 509 508 527 489 479 521 489 546 506 478 465 495 518 486
"735" 489 527 484 512 499 509 491 460 505 493 502 512 492 492 504 495 501 474 479 493
"736" 493 509 493 507 504 526 504 482 476 520 508 526 517 484 503 513 526 488 499 497
"737" 483 508 501 512 500 505 495 522 509 483 485 476 513 501 515 496 468 505 497 501
"738" 538 490 515 498 496 505 492 504 499 546 503 509 517 473 506 486 490 521 513 511
"739" 501 508 506 501 510 516 506 482 539 521 482 512 511 503 511 478 483 501 490 498
"740" 512 476 497 518 505 510 481 519 525 492 517 497 513 481 492 507 496 480 462 496
"741" 506 499 521 514 509 481 498 514 494 486 497 492 476 507 477 495 486 475 516 524
"742" 507 490 479 494 467 506 461 489 468 524 513 525 481 506 484 530 529 468 501 525
"743" 502 542 523 478 494 523 510 518 504 486 492 502 515 492 497 493 481 482 468 479
"744" 504 510 497 495 518 460 501 517 493 496 503 501 503 486 527 515 493 478 505 482
"745" 497 491 527 480 483 509 488 499 525 503 493 512 522 480 522 507 494 490 513 499
"746" 471 507 457 491 504 512 506 477 465 491 464 482 508 526 498 487 517 509 474 478
"747" 462 530 500 500 518 485 496 511 481 491 503 495 524 509 501 534 517 510 511 489
"748" 491 482 497 482 499 482 473 500 499 503 511 495 527 508 483 500 496 484 482 519
"749" 480 488 472 495 485 512 482 497 512 504 488 509 497 521 502 512 497 482 479 530
"750" 495 471 519 519 505 504 489 528 500 506 521 497 495 523 498 471 536 495 495 506
"751" 475 489 510 481 470 474 494 512 511 512 513 512 474 481 521 525 513 506 508 490
"752" 516 491 520 476 510 480 490 484 469 506 483 525 499 530 486 497 514 504 498 492
"753" 490 512 499 479 508 508 478 522 497 541 507 484 519 484 516 518 511 482 542 493
"754" 508 487 498 498 496 476 503 460 504 500 521 501 491 470 472 517 480 491 521 470
"755" 511 506 490 504 487 511 489 527 498 512 486 469 489 519 505 507 497 497 502 515
"756" 505 517 497 466 499 508 505 513 513 519 483 521 509 515 513 517 508 497 498 527
"757" 498 500 501 499 479 498 511 533 487 465 508 497 494 523 490 486 521 482 485 492
"758" 516 484 515 502 520 496 493 511 481 495 501 476 501 506 498 487 504 484 504 513
"759" 495 478 496 493 541 506 477 513 504 509 498 504 509 477 482 498 496 484 489 506
"760" 510 490 491 529 489 521 490 490 513 488 483 481 487 514 493 520 474 494 505 490
"761" 496 497 480 506 475 505 484 495 489 492 495 473 492 509 486 477 513 485 517 523
"762" 514 494 495 496 496 491 511 496 523 470 495 530 503 508 532 501 513 528 493 496
"763" 511 512 506 504 520 483 497 506 480 512 504 492 502 524 476 508 502 490 519 493
"764" 502 502 507 504 513 492 478 468 513 514 470 493 479 501 489 508 496 510 495 516
"765" 493 507 483 496 528 492 524 502 514 503 490 490 510 506 484 504 501 512 501 477
"766" 515 512 461 502 480 506 502 516 486 490 519 507 504 488 505 483 481 488 514 463
"767" 499 489 491 514 487 500 511 518 512 488 503 515 526 508 497 524 518 498 495 511
"768" 489 514 523 493 505 520 493 493 508 485 497 515 474 499 524 518 491 505 536 506
"769" 493 496 523 508 534 513 491 521 477 499 488 500 499 496 505 496 494 527 512 525
"770" 497 491 501 484 478 498 520 524 496 500 487 509 485 490 483 497 509 513 515 529
"771" 483 477 480 513 497 496 532 537 491 511 493 508 482 490 517 498 502 500 505 481
"772" 494 491 527 516 494 470 471 486 526 542 504 517 514 480 489 494 484 493 510 504
"773" 485 496 513 506 529 508 501 491 530 508 498 497 494 514 509 511 512 493 502 486
"774" 489 516 474 483 477 508 514 471 486 488 463 496 483 503 458 488 495 483 500 516
"775" 492 497 499 498 480 493 500 497 512 523 502 518 521 517 512 515 506 519 538 475
"776" 524 515 497 487 498 516 478 515 489 489 485 501 512 514 511 495 498 489 495 487
"777" 510 518 522 494 489 500 487 480 520 507 515 506 492 508 519 499 485 498 509 499
"778" 491 531 542 500 492 507 483 513 498 521 475 494 531 502 499 487 472 506 493 480
"779" 517 509 527 500 497 496 487 501 484 526 489 516 494 504 486 489 495 513 526 507
"780" 478 519 523 489 517 493 526 501 505 522 481 487 478 487 500 482 487 507 510 520
"781" 490 495 513 508 489 497 504 498 478 508 509 531 504 527 494 485 523 500 483 528
"782" 504 496 481 493 503 483 500 484 496 518 521 514 492 512 529 491 507 507 503 498
"783" 494 490 512 501 499 503 500 509 506 513 517 511 517 493 479 478 490 498 486 509
"784" 455 481 491 502 516 504 486 507 508 512 495 493 479 515 530 497 483 534 506 514
"785" 511 463 489 473 488 490 494 515 502 531 496 513 491 507 515 498 509 504 483 492
"786" 465 496 509 503 505 508 497 520 501 476 475 506 509 490 473 493 485 529 490 530
"787" 518 466 508 495 505 514 497 486 527 503 466 522 504 506 502 488 508 497 488 508
"788" 472 522 491 493 493 498 490 510 501 468 504 503 521 509 517 523 511 468 512 491
"789" 493 480 478 518 527 517 487 493 517 514 502 482 498 502 508 515 532 493 486 507
"790" 505 512 521 510 479 516 497 483 498 518 485 489 492 489 496 478 457 496 498 484
"791" 525 506 502 473 460 508 501 526 482 516 492 502 507 496 474 517 498 498 497 477
"792" 511 509 505 478 477 509 502 473 491 459 495 508 509 491 494 501 507 519 506 491
"793" 525 466 514 511 482 488 499 504 500 499 500 528 510 489 480 517 490 532 494 507
"794" 501 466 505 504 500 535 504 503 498 500 495 500 517 495 509 509 493 502 526 500
"795" 500 483 489 470 521 481 514 522 466 522 520 486 505 495 494 497 491 522 516 523
"796" 496 519 509 486 530 507 505 521 508 525 520 489 522 514 517 495 522 505 522 487
"797" 510 459 481 494 488 505 514 508 508 483 474 478 540 503 461 522 488 521 495 501
"798" 495 535 509 502 526 503 498 496 475 500 509 502 518 496 507 515 483 509 505 496
"799" 503 508 512 473 488 503 519 483 501 485 492 494 501 471 511 509 520 489 489 493
"800" 507 530 487 477 514 510 486 489 505 502 498 477 511 512 498 474 476 473 507 514
"801" 480 485 519 511 490 471 496 458 506 501 506 520 518 513 486 450 500 470 511 514
"802" 503 526 499 485 487 469 503 504 503 490 508 507 491 513 500 510 501 488 481 522
"803" 467 470 497 509 496 512 519 490 518 475 502 516 486 496 485 508 499 490 495 513
"804" 479 494 547 505 510 496 514 508 501 505 496 498 483 516 503 475 474 482 513 505
"805" 496 501 485 492 487 517 520 479 499 474 503 511 500 507 508 490 489 475 484 500
"806" 506 498 474 486 493 504 510 481 517 494 525 518 515 525 494 502 487 490 514 512
"807" 503 541 511 497 494 493 517 486 504 480 523 492 468 509 493 495 482 477 512 487
"808" 500 497 496 495 507 516 484 505 493 499 510 501 518 493 503 514 501 477 534 477
"809" 517 521 491 505 487 523 512 481 513 517 490 492 469 494 504 508 480 481 506 508
"810" 487 490 504 516 481 503 516 502 506 503 515 510 539 505 457 507 464 510 522 492
"811" 490 499 524 484 476 520 504 500 485 491 500 480 499 522 500 495 505 512 502 490
"812" 499 505 518 504 516 495 489 502 478 495 495 509 495 515 523 503 503 500 504 490
"813" 541 446 478 520 518 498 468 502 497 482 532 486 500 489 517 530 456 495 493 492
"814" 498 500 462 519 517 500 492 519 518 539 509 516 497 482 485 496 479 498 499 535
"815" 479 507 489 519 489 494 518 501 475 491 498 463 477 494 491 516 488 498 527 499
"816" 510 492 468 500 496 471 509 491 523 519 493 483 510 495 499 469 507 488 507 490
"817" 463 493 493 507 523 500 510 496 513 532 507 484 489 506 528 504 481 531 533 518
"818" 501 504 477 508 510 507 496 506 501 531 505 500 526 518 485 509 490 519 511 514
"819" 480 509 489 513 481 479 468 484 497 522 494 490 493 490 499 518 506 503 503 520
"820" 505 517 516 514 501 492 481 481 525 484 508 528 500 504 492 522 490 498 488 488
"821" 492 511 491 478 469 509 521 493 482 492 485 491 517 482 512 505 516 483 483 476
"822" 523 465 496 487 483 524 490 487 512 504 504 507 522 483 506 499 492 492 506 490
"823" 484 515 522 499 473 495 485 516 505 495 509 506 501 530 472 511 510 493 470 495
"824" 478 497 498 508 532 511 533 497 516 514 505 516 506 490 492 501 535 498 497 485
"825" 491 485 516 512 491 506 517 510 507 501 494 518 517 506 485 491 508 481 484 493
"826" 481 518 499 491 488 476 474 480 520 509 493 472 502 493 490 485 496 506 491 474
"827" 480 470 523 512 506 504 516 491 499 501 501 512 473 498 516 507 494 494 496 496
"828" 485 486 538 479 530 486 500 501 495 493 492 496 490 500 524 513 477 492 511 487
"829" 511 505 502 513 483 484 488 474 500 480 481 498 490 528 483 535 487 491 502 502
"830" 492 495 507 518 507 504 498 496 533 499 486 505 500 495 487 485 505 528 493 487
"831" 501 506 501 510 499 472 500 474 510 525 482 495 479 504 538 515 490 489 502 483
"832" 488 490 519 474 519 503 503 517 533 507 479 497 492 501 479 504 482 490 516 499
"833" 483 508 500 490 503 489 497 514 484 516 514 505 506 497 528 496 496 480 497 492
"834" 492 524 497 500 503 490 501 490 476 478 492 497 481 492 523 479 522 517 538 509
"835" 496 506 478 466 495 500 538 503 478 472 513 492 492 502 497 495 503 514 506 528
"836" 517 515 486 491 502 489 486 504 489 519 511 469 496 487 474 483 513 497 506 496
"837" 514 486 510 497 528 524 509 508 520 487 515 495 479 485 473 521 489 512 484 492
"838" 523 496 506 488 497 500 505 494 510 494 507 496 533 471 491 500 499 489 502 507
"839" 506 483 519 469 502 496 529 502 501 513 498 498 456 490 496 486 509 506 512 509
"840" 491 529 505 477 492 486 499 505 501 489 510 505 517 496 511 514 469 497 497 496
"841" 495 488 478 513 524 508 509 521 515 486 498 492 499 488 495 511 492 517 474 510
"842" 534 494 494 514 490 509 475 501 508 478 477 512 519 508 511 481 517 522 472 494
"843" 522 498 488 478 496 503 514 513 513 491 485 507 510 512 457 508 488 508 502 514
"844" 487 492 487 485 541 506 489 485 521 486 519 481 497 522 510 501 516 496 487 507
"845" 497 487 496 477 511 505 508 480 505 490 469 495 507 504 478 489 535 494 497 504
"846" 484 487 485 519 511 487 505 500 488 480 499 505 539 493 512 494 504 481 522 519
"847" 475 496 504 484 508 493 492 502 504 505 492 515 505 496 510 526 495 511 508 470
"848" 511 498 495 511 510 501 510 467 500 490 520 509 479 493 506 503 506 479 540 491
"849" 505 514 486 516 508 523 506 508 502 489 508 499 495 471 476 514 503 483 498 514
"850" 479 505 502 507 493 521 494 512 499 488 513 530 505 506 479 508 471 512 496 489
"851" 488 539 541 491 476 490 481 475 528 508 471 489 503 501 498 512 496 498 512 503
"852" 470 497 479 498 487 516 481 492 492 519 503 511 524 513 500 461 509 524 500 512
"853" 492 470 497 512 502 509 485 515 517 518 481 469 478 503 513 465 480 499 502 510
"854" 501 489 497 516 486 499 490 474 501 506 502 494 510 533 493 488 482 510 490 516
"855" 509 510 501 477 511 494 480 499 484 486 480 490 466 508 481 521 493 497 510 509
"856" 466 502 504 498 503 513 491 509 479 508 497 486 499 506 488 522 500 495 495 509
"857" 507 489 463 508 503 479 514 486 486 485 535 493 479 493 512 516 484 478 479 482
"858" 510 509 525 506 516 485 501 499 499 515 517 527 494 474 490 496 500 514 505 494
"859" 473 497 495 500 480 538 497 498 511 522 512 482 529 523 472 492 514 515 514 538
"860" 485 526 512 500 494 513 487 503 483 502 503 495 489 506 498 507 495 487 510 477
"861" 504 503 496 497 475 532 522 494 512 481 511 522 518 511 496 481 493 513 491 508
"862" 487 489 460 513 491 483 462 469 494 439 489 503 488 516 507 499 481 492 513 499
"863" 497 508 505 487 482 505 490 495 468 505 485 504 543 472 511 500 514 504 552 524
"864" 535 491 494 476 486 506 495 496 508 518 498 504 480 505 494 533 503 482 506 502
"865" 482 517 502 501 502 556 481 523 478 494 481 509 505 521 494 500 489 517 496 476
"866" 479 523 510 485 515 485 491 470 517 489 500 501 490 474 499 487 520 486 484 517
"867" 507 494 485 499 528 508 494 516 504 496 499 500 464 514 494 506 485 520 499 488
"868" 491 494 513 488 500 486 507 520 480 493 504 495 512 497 490 527 503 507 488 486
"869" 545 501 495 489 502 478 511 489 495 515 517 483 515 477 523 502 517 530 527 504
"870" 499 493 508 458 504 515 499 476 473 518 536 511 521 510 538 476 512 470 506 512
"871" 498 492 484 507 508 517 513 500 494 520 526 543 488 506 514 490 481 515 509 487
"872" 488 509 489 487 504 517 489 511 502 503 538 489 469 483 496 491 520 481 521 489
"873" 475 490 503 487 483 485 520 490 490 531 499 533 510 492 501 488 496 501 514 486
"874" 493 510 465 483 490 497 480 524 510 469 511 526 495 462 510 480 508 481 509 495
"875" 521 469 524 479 488 491 515 495 520 515 475 502 503 479 503 524 507 510 503 516
"876" 499 513 513 484 480 515 531 503 499 495 493 483 496 503 510 511 516 485 474 504
"877" 528 498 483 502 485 519 504 526 501 499 499 515 463 503 501 524 503 502 491 479
"878" 509 493 466 499 495 515 476 514 539 511 537 475 474 511 503 503 491 501 494 506
"879" 489 509 505 495 494 482 480 524 479 514 489 514 513 497 503 476 510 495 500 499
"880" 490 535 472 518 498 485 467 514 501 485 515 522 459 489 469 497 508 474 481 503
"881" 489 509 503 522 507 499 510 479 491 504 503 483 478 481 484 512 480 505 510 501
"882" 518 516 532 494 522 509 468 490 502 499 480 478 497 498 492 501 498 474 489 494
"883" 506 508 485 499 502 510 518 497 507 513 505 477 512 512 502 481 501 488 501 506
"884" 522 492 491 494 478 531 513 519 510 522 482 487 498 518 470 512 516 500 510 505
"885" 518 506 514 519 499 504 499 505 507 515 502 508 524 470 531 543 499 518 490 505
"886" 521 510 522 494 501 489 487 502 499 522 479 533 455 502 484 512 503 489 481 480
"887" 505 515 544 479 494 494 491 484 487 513 491 471 466 499 478 484 505 503 499 494
"888" 500 498 518 525 494 508 501 540 474 489 529 503 525 501 476 494 508 483 487 507
"889" 494 508 499 484 502 500 462 501 477 514 488 503 499 506 503 503 484 477 505 515
"890" 487 518 499 529 480 520 483 519 498 481 496 515 508 511 503 488 504 499 542 506
"891" 508 491 510 503 518 494 497 522 470 498 530 481 470 507 508 488 470 500 514 460
"892" 515 512 496 526 505 511 504 474 490 502 487 482 494 500 477 516 476 493 523 509
"893" 484 507 494 513 479 495 490 486 492 501 520 524 525 487 503 481 503 493 471 480
"894" 517 512 483 487 492 507 495 480 498 483 497 525 519 516 485 469 526 522 516 515
"895" 500 503 479 477 491 508 485 501 504 478 490 511 499 499 511 500 508 481 497 500
"896" 486 510 491 518 508 485 460 497 505 521 509 494 500 530 484 493 501 514 505 494
"897" 497 486 490 506 520 470 502 483 509 512 496 480 464 520 504 499 486 516 488 492
"898" 481 501 515 521 476 507 492 515 523 515 513 472 485 497 473 489 503 500 475 505
"899" 499 506 504 508 492 478 494 531 496 487 518 498 508 487 489 525 493 517 527 521
"900" 464 506 479 511 511 490 473 476 498 487 488 513 488 496 491 522 469 491 518 514
"901" 491 493 486 496 485 519 507 492 506 514 499 497 486 479 494 497 501 493 497 509
"902" 476 507 479 491 485 535 492 504 490 486 520 507 497 506 496 489 507 505 474 508
"903" 501 530 481 494 492 501 513 513 495 523 499 497 483 505 504 485 500 488 493 498
"904" 479 498 493 481 496 498 491 530 502 488 492 498 484 491 502 498 502 511 516 528
"905" 494 514 491 496 492 515 471 512 491 474 499 524 474 498 497 516 496 502 505 487
"906" 500 514 509 494 523 477 515 502 487 523 508 499 487 481 506 503 494 492 518 502
"907" 503 516 508 514 513 476 517 475 531 494 502 515 527 498 510 514 487 505 504 492
"908" 517 490 510 510 522 498 522 480 500 511 497 489 530 507 502 488 504 521 498 491
"909" 459 505 502 523 497 495 516 502 499 512 509 468 514 490 490 517 512 489 519 520
"910" 515 495 500 509 488 471 488 523 504 501 505 482 514 488 517 505 515 522 458 518
"911" 492 493 497 489 521 495 498 514 486 504 488 499 507 491 533 453 490 537 502 494
"912" 502 509 499 491 477 520 506 503 493 473 505 504 532 482 490 488 440 491 496 542
"913" 511 479 481 489 484 495 506 498 512 522 482 495 496 475 507 524 500 464 475 502
"914" 485 512 492 516 501 493 487 494 491 498 520 535 530 482 497 518 485 532 497 505
"915" 496 515 505 498 501 489 505 486 484 497 490 506 491 501 520 497 452 494 486 502
"916" 497 503 512 508 491 486 516 506 493 486 497 512 502 479 484 503 500 536 502 493
"917" 481 522 508 477 500 508 493 484 477 501 483 509 502 513 470 500 476 491 477 515
"918" 487 513 503 514 521 522 510 487 461 510 494 498 527 486 520 531 492 504 509 511
"919" 491 495 524 467 467 482 496 502 496 479 496 503 501 487 519 480 498 495 482 487
"920" 504 499 505 489 477 491 468 517 472 500 480 505 517 496 501 512 503 500 495 502
"921" 485 498 511 539 490 521 514 526 500 522 495 499 491 492 491 503 481 471 484 506
"922" 507 480 482 517 509 492 507 481 488 501 500 488 503 509 482 496 494 522 466 484
"923" 522 493 500 512 481 499 508 509 503 490 514 493 474 496 496 511 497 518 482 509
"924" 485 505 483 471 515 518 500 495 507 524 512 487 505 501 498 513 525 488 480 506
"925" 491 517 491 506 510 517 507 515 511 492 516 485 525 502 485 501 495 492 508 508
"926" 478 495 508 491 500 527 491 518 473 473 495 490 493 493 501 486 509 511 508 509
"927" 485 494 493 508 489 512 516 495 522 522 494 475 496 503 499 511 507 501 523 505
"928" 481 502 492 505 514 500 462 507 504 488 484 504 499 488 495 478 506 501 518 496
"929" 522 502 504 488 482 505 525 504 472 508 520 477 503 511 478 505 509 481 506 483
"930" 508 502 489 517 514 500 501 510 478 511 479 510 485 520 486 525 485 513 503 518
"931" 493 523 506 484 506 523 514 524 496 497 488 527 524 482 505 496 523 508 497 503
"932" 523 534 516 525 498 511 491 489 507 509 518 529 496 509 511 493 521 515 539 524
"933" 488 471 477 519 498 499 500 471 497 506 514 503 480 489 466 495 508 521 502 491
"934" 475 503 505 517 494 505 480 517 497 493 491 502 505 523 502 488 504 464 503 493
"935" 506 489 481 489 508 492 483 499 465 501 500 504 495 496 499 498 515 533 483 507
"936" 512 493 494 496 508 482 511 512 530 509 468 492 500 472 499 475 486 486 502 508
"937" 518 489 483 496 500 492 498 499 503 480 515 523 496 499 503 481 513 499 500 487
"938" 486 515 492 530 530 506 510 477 506 504 518 502 483 476 501 479 464 502 520 495
"939" 476 498 516 506 505 495 489 488 501 525 479 503 514 488 502 494 478 470 507 498
"940" 514 486 547 487 513 485 516 493 484 490 520 473 487 522 504 512 488 500 485 527
"941" 480 512 504 489 512 522 499 525 518 505 515 472 505 466 518 508 483 527 490 503
"942" 495 514 486 528 504 488 464 501 511 528 518 509 534 482 500 485 519 499 517 483
"943" 476 505 475 521 532 493 521 507 510 492 497 487 482 513 502 521 513 482 483 490
"944" 515 498 513 470 480 502 510 506 482 494 509 478 499 491 498 464 465 502 499 521
"945" 523 488 482 521 511 491 501 490 506 511 491 505 495 473 514 537 499 529 506 528
"946" 489 478 513 523 499 513 488 483 492 486 495 493 488 478 494 517 512 464 486 523
"947" 495 494 508 526 505 496 488 499 479 487 535 501 493 482 497 473 490 475 484 497
"948" 525 511 471 477 507 555 499 492 513 496 467 499 522 501 504 479 512 530 511 503
"949" 492 475 520 501 500 498 496 490 498 522 484 526 523 524 516 524 480 497 507 485
"950" 505 505 509 501 491 504 516 457 527 517 521 477 513 480 488 483 485 504 506 501
"951" 532 509 514 508 504 510 487 491 526 493 491 495 501 484 498 493 498 506 499 482
"952" 510 526 474 506 489 549 473 535 516 497 498 484 527 482 492 508 493 499 489 522
"953" 507 491 505 518 497 505 460 510 480 492 514 501 495 491 508 510 506 479 499 510
"954" 487 500 511 523 471 498 486 503 498 526 562 483 501 520 481 490 519 549 514 501
"955" 535 471 493 517 500 484 492 520 512 491 516 508 486 516 487 503 476 484 518 541
"956" 526 472 515 491 490 508 494 505 481 514 516 504 507 505 494 494 502 513 458 536
"957" 516 503 516 514 502 453 487 496 498 493 500 491 493 478 516 489 511 468 512 529
"958" 482 510 482 488 510 514 502 512 487 495 475 504 495 486 517 492 510 495 486 493
"959" 502 513 495 482 494 525 520 512 477 506 509 506 503 477 492 510 477 517 500 504
"960" 505 518 507 481 478 494 505 489 478 498 484 477 496 487 487 496 476 487 521 486
"961" 517 494 497 475 490 481 475 509 506 493 498 468 511 493 502 465 465 496 540 498
"962" 446 492 492 494 496 493 496 473 502 510 515 488 482 501 486 496 495 480 479 503
"963" 506 506 527 513 509 471 494 480 504 475 495 483 515 506 494 534 481 472 500 522
"964" 487 514 527 488 485 495 488 487 530 487 484 490 483 499 500 500 509 497 516 511
"965" 520 505 492 490 503 497 505 504 494 491 501 500 491 517 471 486 534 493 512 503
"966" 486 511 538 483 481 500 496 481 485 471 488 524 496 484 495 480 536 507 494 503
"967" 516 485 511 486 501 523 501 496 493 499 491 526 498 508 481 515 498 493 482 499
"968" 480 510 498 509 502 496 508 493 511 478 496 507 487 517 472 494 521 501 496 504
"969" 488 499 480 492 519 502 488 494 493 501 493 530 510 507 488 489 500 479 501 500
"970" 512 510 492 501 486 507 506 499 490 509 526 485 538 504 489 506 489 488 518 507
"971" 479 515 532 530 518 498 486 499 495 513 507 505 517 525 492 490 500 502 527 497
"972" 491 514 476 521 510 494 480 488 514 494 502 511 511 493 499 505 487 515 475 488
"973" 506 495 493 496 485 484 505 507 485 503 486 497 451 514 489 505 517 497 518 504
"974" 492 530 524 529 512 505 472 481 517 507 502 499 510 493 494 501 515 512 475 511
"975" 472 486 496 504 484 484 482 516 518 509 491 515 531 509 500 509 486 504 484 504
"976" 494 511 462 512 525 497 486 536 515 509 471 492 476 504 475 536 510 481 525 503
"977" 504 508 523 495 522 514 522 470 490 492 513 512 467 498 506 513 487 500 504 481
"978" 527 545 499 506 487 510 520 521 507 497 482 505 479 533 513 486 497 484 523 511
"979" 492 505 494 501 531 498 515 505 500 493 476 451 493 516 501 499 501 512 465 497
"980" 513 498 483 493 504 520 518 500 475 515 479 501 497 504 514 484 484 495 514 484
"981" 479 490 493 503 499 503 508 499 525 484 466 483 496 493 499 499 508 517 482 504
"982" 521 481 494 477 487 506 519 492 509 513 497 496 517 501 500 518 476 507 516 503
"983" 479 506 505 518 513 518 504 511 527 510 478 489 516 498 507 525 511 499 493 516
"984" 476 502 479 521 481 485 514 491 517 501 515 478 487 474 470 528 502 531 508 496
"985" 505 503 506 464 521 493 509 525 501 482 522 497 494 493 452 506 514 485 496 479
"986" 490 515 497 509 521 521 498 530 514 508 499 491 479 522 480 499 496 472 476 494
"987" 472 483 486 513 497 481 525 484 500 479 514 464 498 511 511 506 487 478 504 479
"988" 501 521 481 512 495 480 507 488 491 501 459 519 498 493 531 495 506 481 467 470
"989" 514 488 507 475 482 495 493 499 501 487 496 525 474 503 498 474 476 517 493 496
"990" 479 502 502 482 504 511 494 514 489 483 514 509 498 505 519 484 498 491 511 491
"991" 519 520 491 506 530 464 549 521 476 515 493 483 500 487 508 481 488 499 517 503
"992" 479 499 510 482 522 502 502 491 483 517 519 506 490 496 485 498 501 520 486 481
"993" 505 469 484 483 502 524 487 500 515 519 506 491 534 535 494 508 499 487 535 477
"994" 500 500 476 487 467 484 499 483 489 509 501 501 500 465 498 492 475 509 506 523
"995" 499 453 495 503 491 500 511 526 498 494 499 504 481 500 562 483 487 511 545 522
"996" 510 500 500 516 494 497 492 495 511 464 511 498 498 520 511 499 498 480 544 533
"997" 526 504 483 503 503 506 539 481 531 496 545 506 499 509 502 538 531 507 498 497
"998" 482 503 535 508 487 521 505 506 484 510 506 518 476 488 534 489 482 508 510 497
"999" 513 495 492 477 485 506 486 520 523 478 511 491 513 496 496 510 492 499 526 488
"1000" 480 485 499 521 490 479 492 497 481 520 496 485 528 508 519 505 531 485 501 487
