"1" "2" "3" "4" "5" "6" "7" "8" "9" "10" "11" "12" "13" "14" "15" "16" "17" "18" "19" "20"
"1" 505 505 495 483 504 527 505 500 526 516 495 522 507 500 465 460 500 500 470 488
"2" 514 500 490 529 479 499 525 509 504 487 501 497 515 513 509 502 515 504 491 507
"3" 495 484 497 485 502 480 519 505 485 518 486 500 492 492 498 524 486 504 520 489
"4" 467 525 505 509 498 527 505 497 478 491 515 504 508 483 524 515 497 522 502 506
"5" 495 501 523 489 485 488 500 521 501 484 494 508 516 512 482 497 492 491 507 482
"6" 501 497 520 483 500 484 474 474 496 503 503 512 520 509 502 496 482 475 508 481
"7" 510 478 509 511 514 494 502 485 500 485 500 493 502 494 479 518 492 497 492 509
"8" 482 504 511 500 492 486 466 523 496 504 493 496 490 495 501 503 501 491 516 500
"9" 504 515 531 506 502 501 516 468 485 509 487 515 494 505 529 534 486 514 516 481
"10" 497 475 516 493 467 493 509 487 486 481 477 498 507 515 493 522 487 506 493 522
"11" 504 502 493 503 504 494 515 501 516 504 476 503 490 517 489 499 487 524 476 509
"12" 517 508 550 487 515 502 489 519 495 510 481 511 497 513 500 511 537 482 507 501
"13" 472 500 499 504 498 515 513 483 509 491 501 519 485 496 484 498 501 491 495 492
"14" 496 486 491 506 525 474 522 505 507 501 529 511 522 508 502 516 499 485 509 518
"15" 475 463 507 526 488 491 511 477 469 487 502 517 490 480 524 489 492 489 485 477
"16" 497 478 505 492 509 522 518 507 496 483 502 489 492 511 513 490 493 488 498 517
"17" 509 469 465 512 500 515 491 498 523 517 489 511 495 496 497 461 510 499 492 527
"18" 510 509 485 539 513 511 502 475 501 513 515 502 527 532 481 486 514 508 498 489
"19" 507 517 496 522 507 512 491 534 539 505 504 467 506 506 485 478 493 533 479 525
"20" 498 498 540 516 502 511 473 500 486 519 506 480 480 505 488 500 496 491 468 509
"21" 471 498 487 484 502 482 485 475 518 490 513 513 474 505 501 508 518 488 506 481
"22" 474 500 521 512 498 515 487 492 513 493 491 506 494 496 485 533 512 536 529 483
"23" 513 488 479 499 482 520 471 527 522 533 490 528 510 474 484 513 502 500 487 500
"24" 484 473 503 506 513 517 501 522 501 493 480 524 472 485 493 511 501 521 509 473
"25" 488 499 513 511 489 503 503 506 479 477 509 488 495 502 476 473 488 508 499 500
"26" 470 484 493 455 472 493 521 490 480 511 513 497 505 496 492 482 495 498 532 510
"27" 502 510 501 495 507 521 495 503 508 531 490 501 485 487 497 495 527 515 502 489
"28" 507 514 491 539 505 504 515 505 481 503 495 498 487 487 482 501 515 504 509 517
"29" 472 497 510 506 507 506 498 493 491 516 530 499 492 532 512 520 487 525 487 479
"30" 500 481 514 522 507 494 481 504 511 499 486 501 484 482 514 483 491 517 523 507
"31" 520 515 533 503 493 492 496 489 499 496 502 485 515 495 481 503 480 480 505 488
"32" 517 504 532 466 529 498 512 506 524 465 493 495 517 505 523 530 501 481 515 502
"33" 480 503 502 464 499 522 502 509 478 512 499 521 505 482 515 493 507 499 499 516
"34" 482 507 491 496 488 481 485 514 530 516 514 461 508 502 483 520 515 484 485 501
"35" 520 508 485 495 496 491 523 491 477 494 502 477 493 486 481 511 518 475 522 505
"36" 500 524 525 486 481 502 487 497 502 516 503 515 528 519 502 493 486 490 487 479
"37" 477 523 517 489 520 519 490 511 511 505 509 516 489 498 457 510 511 502 527 526
"38" 481 515 484 517 509 522 476 481 503 495 498 491 504 524 517 499 520 524 515 477
"39" 488 520 525 503 490 513 499 507 526 498 494 496 493 532 509 472 528 490 531 518
"40" 492 484 476 503 523 498 499 496 485 482 514 500 506 535 495 524 507 460 500 475
"41" 486 508 492 508 501 500 495 505 520 506 523 522 500 481 512 480 510 458 495 512
"42" 531 515 499 494 520 491 525 488 500 501 510 535 516 524 502 505 510 481 506 517
"43" 501 482 473 497 481 490 489 505 518 518 468 474 498 485 481 503 508 478 495 514
"44" 485 503 489 510 506 512 497 509 503 490 518 508 505 511 527 495 497 528 491 472
"45" 506 491 513 527 509 500 500 479 511 465 555 510 500 525 516 488 515 493 512 509
"46" 506 509 497 516 492 514 513 525 519 503 515 490 485 489 489 506 499 469 475 512
"47" 484 512 491 510 498 483 496 487 487 522 513 500 490 497 503 497 503 515 507 543
"48" 495 515 490 475 479 513 480 520 474 520 505 507 496 508 488 514 508 521 498 496
"49" 487 502 471 490 490 477 518 499 484 510 537 499 496 513 501 484 487 514 519 502
"50" 496 488 552 490 515 490 501 515 492 533 479 484 517 543 501 518 511 500 502 499
"51" 510 512 493 490 526 497 503 499 510 520 495 490 503 513 509 501 484 503 475 494
"52" 521 496 472 479 503 475 469 490 500 492 506 478 501 513 492 521 508 501 481 502
"53" 502 495 530 519 490 513 482 480 476 498 523 491 478 499 493 488 502 489 513 510
"54" 516 507 478 518 520 486 493 531 514 503 493 507 495 492 489 517 494 502 528 483
"55" 510 490 505 478 510 512 482 496 521 509 490 521 509 487 498 520 488 508 498 502
"56" 502 493 503 498 516 505 477 538 503 481 514 485 493 536 498 490 478 498 518 516
"57" 482 495 498 529 502 488 497 516 527 512 504 488 493 491 504 521 507 493 503 503
"58" 498 474 482 505 510 499 527 501 509 495 487 510 499 477 502 505 487 486 496 479
"59" 453 477 481 481 506 529 512 498 502 496 498 491 512 510 510 499 518 519 508 495
"60" 519 511 493 468 519 471 489 511 494 521 490 512 489 508 447 505 491 494 528 524
"61" 508 544 511 485 532 504 486 484 512 491 499 509 499 489 510 518 475 490 474 522
"62" 523 492 490 486 514 488 494 496 508 494 484 477 516 490 507 507 513 468 494 506
"63" 484 495 508 486 487 505 535 481 526 512 475 522 487 526 491 518 498 522 482 490
"64" 506 533 515 489 518 500 479 515 491 493 510 514 510 530 520 515 494 520 495 503
"65" 504 510 534 494 526 510 519 487 502 512 515 489 524 498 467 470 496 535 482 512
"66" 501 515 481 485 548 485 506 489 527 529 490 515 504 506 484 524 479 503 490 476
"67" 514 517 506 535 538 492 494 513 535 494 517 493 493 499 512 511 488 496 519 473
"68" 508 503 516 483 492 493 504 515 510 486 507 512 504 508 483 505 498 502 494 495
"69" 522 524 495 500 495 503 510 537 487 487 504 505 517 514 487 490 525 501 497 523
"70" 455 525 515 515 501 487 499 487 525 497 492 513 519 510 485 474 488 495 496 511
"71" 513 509 519 524 509 474 499 504 492 467 530 518 489 478 474 514 482 530 506 518
"72" 480 476 487 485 511 501 480 488 523 520 513 487 506 505 507 520 488 494 509 492
"73" 526 486 503 490 533 469 508 499 496 485 492 511 505 497 513 519 512 495 482 525
"74" 524 500 485 485 499 472 489 497 490 520 517 485 475 507 497 493 467 490 498 517
"75" 494 507 530 518 503 503 471 494 498 512 503 487 515 507 488 474 532 507 489 506
"76" 529 503 499 484 488 492 510 482 470 484 502 524 509 509 512 536 498 530 512 516
"77" 489 495 513 473 475 501 518 522 496 532 496 508 496 493 490 497 489 501 508 475
"78" 486 495 500 484 502 491 497 518 509 500 496 483 513 488 473 490 497 513 479 512
"79" 491 496 511 520 489 506 481 499 486 488 504 524 517 478 504 480 494 524 482 506
"80" 520 509 506 493 492 495 484 502 500 512 530 506 482 506 502 510 502 499 502 510
"81" 486 494 551 529 533 510 493 497 496 529 488 511 491 505 507 468 505 501 517 496
"82" 521 485 491 513 492 497 492 465 495 527 490 487 521 500 504 491 494 521 482 508
"83" 498 511 511 493 496 480 528 504 497 503 486 512 509 464 482 482 478 482 475 497
"84" 500 488 507 511 479 512 497 489 507 485 478 500 493 490 500 520 472 473 490 495
"85" 513 483 496 495 498 489 497 508 457 479 472 492 489 496 466 500 504 517 513 484
"86" 498 490 502 497 495 498 519 495 487 509 512 500 494 531 487 495 477 493 523 508
"87" 487 508 490 520 480 517 520 489 522 495 489 501 481 490 498 496 537 505 484 459
"88" 521 503 473 482 497 476 499 520 473 504 512 510 518 522 501 524 488 508 514 513
"89" 499 478 490 489 493 512 508 517 505 503 503 515 492 517 499 504 516 499 507 485
"90" 499 483 505 532 505 500 522 513 506 490 478 516 514 495 493 529 503 497 484 502
"91" 485 493 511 480 496 512 494 518 511 485 497 493 493 506 504 482 470 505 485 493
"92" 459 535 501 528 488 492 506 507 512 499 481 502 500 498 516 519 520 498 500 481
"93" 491 485 487 543 495 494 487 508 492 511 503 504 510 498 508 484 483 478 486 506
"94" 482 504 490 501 532 479 497 488 494 505 480 512 485 496 476 472 480 510 493 506
"95" 486 506 524 559 508 481 506 509 518 489 503 467 515 503 474 486 509 508 505 540
"96" 509 527 508 507 533 517 505 494 481 507 498 509 500 511 508 477 501 478 499 481
"97" 492 495 482 511 469 513 458 461 502 491 484 487 493 480 502 489 487 497 515 479
"98" 472 510 528 509 515 522 489 510 500 505 499 501 487 491 512 496 468 473 513 450
"99" 493 510 520 474 525 497 485 490 501 526 494 493 485 479 536 502 501 521 506 505
"100" 529 486 536 502 492 517 491 472 507 491 490 489 515 510 496 511 514 521 509 507
"101" 499 510 513 502 504 497 531 513 483 496 501 487 513 532 511 482 503 508 503 500
"102" 504 519 501 508 507 515 497 518 501 496 508 497 493 507 496 464 487 492 521 496
"103" 491 497 496 520 516 494 491 505 473 511 500 480 468 490 512 506 478 506 495 513
"104" 505 475 521 524 483 516 510 478 489 500 492 498 475 485 488 473 516 500 499 475
"105" 511 487 487 495 494 494 491 503 491 470 483 533 488 501 515 525 529 503 498 499
"106" 488 490 458 500 518 532 476 517 490 511 515 489 510 534 515 493 494 498 508 510
"107" 511 499 508 512 489 463 530 507 507 508 485 523 510 525 508 507 512 516 498 502
"108" 502 502 490 506 494 512 505 492 478 504 493 482 527 510 491 492 509 500 504 495
"109" 499 514 512 467 513 494 530 477 528 496 487 467 486 521 499 489 509 504 483 518
"110" 499 529 502 501 520 484 500 500 522 491 503 498 490 481 513 522 478 524 485 492
"111" 502 499 494 531 480 512 496 504 514 496 540 497 477 492 473 501 503 477 497 480
"112" 473 480 498 467 505 524 504 507 512 502 500 509 483 511 501 496 515 483 493 482
"113" 507 492 518 517 483 493 500 488 505 488 513 487 472 518 507 495 499 513 517 496
"114" 481 506 542 486 490 494 484 493 498 517 537 498 504 500 485 497 497 468 483 515
"115" 511 481 485 488 493 486 468 509 527 522 456 515 490 513 516 506 533 470 515 491
"116" 515 507 510 473 490 492 499 522 490 502 506 485 497 477 500 526 498 520 499 506
"117" 494 493 486 555 487 518 505 507 503 523 507 501 486 505 476 504 503 492 495 494
"118" 509 495 466 494 478 518 504 499 498 507 514 512 485 518 510 516 499 485 489 516
"119" 508 484 509 499 506 491 507 503 531 507 490 489 496 493 503 506 503 486 499 493
"120" 516 512 493 514 486 474 511 493 518 524 530 493 505 499 485 505 514 502 497 496
"121" 494 513 501 491 500 505 529 497 463 500 526 467 517 521 518 503 507 486 520 519
"122" 520 474 533 525 503 486 509 503 487 522 522 498 513 487 530 483 506 509 538 513
"123" 508 492 520 538 497 501 494 510 498 514 509 481 485 509 468 484 508 511 515 493
"124" 497 522 489 482 501 495 518 505 508 454 501 492 508 496 493 501 491 511 498 512
"125" 512 526 482 522 500 509 494 476 491 534 482 496 543 494 476 493 504 476 482 502
"126" 522 517 484 483 486 514 475 481 524 507 519 508 528 505 512 487 506 523 515 524
"127" 483 482 518 495 516 513 512 507 489 504 490 521 529 502 501 516 499 489 498 496
"128" 507 505 495 505 513 503 491 492 511 483 512 497 523 488 490 508 483 487 483 504
"129" 507 479 511 502 524 504 477 503 502 519 477 513 483 487 509 496 483 507 505 506
"130" 523 492 482 505 509 493 517 475 493 480 492 503 520 482 505 503 480 483 497 497
"131" 499 509 499 491 503 485 501 492 490 490 503 504 451 489 452 491 507 512 481 497
"132" 507 499 492 489 500 487 503 497 511 484 491 480 480 501 482 515 500 481 513 480
"133" 501 510 458 485 508 496 494 490 480 512 508 487 530 478 490 478 513 487 510 520
"134" 521 498 493 495 522 517 495 527 520 510 477 487 475 494 488 486 503 473 496 523
"135" 517 488 505 517 492 507 483 514 496 498 518 501 500 483 492 489 497 502 503 480
"136" 525 493 486 492 488 487 507 523 509 500 485 517 501 517 478 491 502 514 515 475
"137" 534 510 497 520 481 476 492 500 492 521 500 512 470 501 503 523 501 499 505 502
"138" 505 478 502 498 504 520 472 490 503 489 495 514 483 487 500 491 539 510 513 490
"139" 492 528 506 496 497 517 498 486 503 503 486 509 494 490 504 525 509 491 505 483
"140" 514 516 480 487 531 513 508 477 480 474 493 508 521 522 505 503 507 499 502 473
"141" 480 511 513 499 494 495 508 478 486 519 547 478 520 485 516 469 503 498 492 505
"142" 522 539 505 496 508 489 517 496 502 525 461 525 484 477 555 501 494 494 496 489
"143" 489 499 482 490 482 499 493 494 466 504 494 497 512 497 488 517 500 484 498 489
"144" 500 505 473 496 490 489 521 475 491 486 502 516 518 493 500 521 487 490 498 508
"145" 475 481 507 508 500 498 506 490 485 487 495 495 534 482 528 506 498 523 486 460
"146" 513 465 487 495 501 491 521 511 492 514 506 499 527 492 487 476 457 501 527 495
"147" 503 509 496 478 484 523 507 488 481 491 489 493 496 494 521 515 526 489 497 481
"148" 514 510 487 513 500 500 511 497 486 510 513 500 499 488 494 509 502 479 513 507
"149" 487 524 483 483 497 512 507 489 507 522 515 492 515 487 516 511 494 526 529 477
"150" 493 508 513 490 483 492 511 513 496 503 512 516 494 494 482 469 494 468 527 465
"151" 534 487 516 505 492 502 496 490 503 497 486 518 516 482 494 507 494 506 475 511
"152" 485 517 522 499 512 517 504 501 496 495 502 487 522 505 517 496 487 510 494 505
"153" 486 467 494 477 474 490 502 510 468 505 497 527 494 488 519 480 502 514 550 505
"154" 519 525 529 512 495 504 508 488 504 510 505 515 501 515 503 503 503 505 506 483
"155" 527 519 496 482 498 499 527 493 494 500 481 500 512 505 528 501 480 501 526 510
"156" 496 510 527 489 492 512 487 504 498 516 519 482 499 534 503 485 487 516 492 515
"157" 501 498 490 518 506 513 499 484 510 494 477 485 504 508 516 516 473 502 504 467
"158" 518 504 516 508 494 483 512 490 526 465 505 516 489 508 500 501 477 531 510 522
"159" 473 486 504 478 506 492 492 508 511 501 495 507 490 513 512 485 505 537 490 501
"160" 531 507 521 483 501 497 497 472 501 471 495 490 520 491 474 516 511 513 496 499
"161" 479 505 483 495 533 532 482 505 484 522 486 523 497 503 484 508 536 493 507 516
"162" 538 509 519 496 536 488 487 509 522 479 490 495 501 509 488 492 491 493 499 507
"163" 513 493 480 491 505 515 493 504 509 496 516 510 507 490 484 499 521 497 493 491
"164" 498 493 512 515 486 514 484 510 513 529 491 496 482 512 477 527 489 483 501 509
"165" 482 483 513 483 499 498 491 539 483 485 503 520 509 469 538 520 532 479 504 501
"166" 510 489 487 520 512 506 507 490 503 524 479 505 516 487 507 490 470 529 485 493
"167" 521 495 532 482 519 501 499 505 521 497 523 500 476 473 490 484 473 515 513 514
"168" 486 494 531 510 486 487 511 491 491 506 485 505 493 497 477 508 536 481 498 517
"169" 531 484 467 465 509 495 461 501 496 487 483 510 486 509 504 483 509 509 516 487
"170" 478 492 502 503 527 486 523 492 489 485 528 470 493 503 521 458 514 485 505 479
"171" 485 500 502 504 497 517 506 519 496 510 491 520 500 511 491 479 501 507 517 475
"172" 522 503 446 479 514 487 483 517 493 503 511 488 472 471 526 479 504 510 494 499
"173" 510 485 523 488 493 507 496 494 489 485 502 496 505 529 505 505 506 525 486 487
"174" 499 496 480 511 502 507 516 468 510 509 504 475 495 469 512 502 505 499 497 504
"175" 528 505 486 491 521 523 500 523 468 494 534 506 482 513 488 489 504 504 487 491
"176" 512 519 515 497 494 484 484 502 515 492 493 471 506 499 510 515 502 487 504 498
"177" 498 523 522 502 515 496 499 534 522 482 500 508 499 477 486 474 485 484 503 515
"178" 498 505 496 469 506 472 494 506 503 489 499 489 476 508 496 510 515 489 497 516
"179" 482 499 512 477 526 522 501 491 485 496 484 487 500 502 528 509 490 471 514 500
"180" 497 489 504 506 515 518 493 527 494 519 489 491 490 511 509 499 478 536 507 523
"181" 500 515 503 509 503 493 520 513 495 537 487 515 498 493 540 499 483 475 488 508
"182" 492 515 499 484 495 489 496 494 492 482 506 510 506 504 487 502 503 507 521 521
"183" 504 514 507 513 516 534 494 497 491 500 511 510 493 480 504 526 492 489 509 502
"184" 518 519 497 482 474 493 510 484 532 477 496 494 490 513 503 484 529 496 494 477
"185" 500 533 504 501 512 508 524 496 495 455 508 485 509 501 482 484 544 488 508 523
"186" 506 477 514 506 501 486 521 490 480 498 474 499 492 480 493 518 476 521 499 524
"187" 521 509 518 487 517 491 463 526 519 513 519 542 515 483 504 507 494 472 498 479
"188" 504 541 519 507 475 479 475 525 505 500 496 547 492 496 497 486 502 474 469 503
"189" 502 494 522 496 516 534 529 480 524 519 500 475 513 498 490 505 503 503 482 481
"190" 500 511 515 516 507 496 495 507 499 533 508 504 497 495 490 490 530 516 510 511
"191" 524 489 476 485 499 491 509 498 512 520 541 499 513 472 503 509 484 497 508 505
"192" 509 504 496 510 499 502 499 499 503 529 505 501 486 523 476 506 526 503 491 488
"193" 481 497 514 513 510 503 498 491 503 492 525 486 501 521 478 503 513 489 483 517
"194" 499 501 508 480 507 512 509 492 464 493 497 501 493 523 479 488 519 477 494 512
"195" 510 522 490 505 502 490 505 491 484 496 482 513 495 474 543 480 506 531 454 500
"196" 537 501 480 517 519 488 495 489 503 487 502 468 487 512 484 495 515 529 469 505
"197" 508 495 478 520 516 507 487 507 495 495 512 543 512 488 519 499 498 491 506 505
"198" 521 476 501 507 485 474 501 494 502 502 486 536 510 501 498 489 510 505 464 474
"199" 491 481 508 510 510 507 480 510 521 496 495 490 498 504 513 481 521 506 495 514
"200" 522 508 481 506 512 506 504 501 492 506 500 499 507 496 484 525 489 499 511 508
"201" 490 471 493 476 512 518 508 507 520 471 526 503 519 514 498 504 497 532 486 472
"202" 510 498 475 494 501 464 508 483 511 477 485 493 502 482 519 482 498 527 494 504
"203" 496 479 483 483 518 522 519 525 474 505 519 502 502 492 478 525 529 493 491 505
"204" 501 506 523 490 512 496 503 497 490 506 448 500 492 494 499 491 519 481 471 498
"205" 478 492 521 500 516 536 521 515 501 511 491 499 467 492 497 498 509 488 488 484
"206" 514 497 463 492 514 492 520 477 496 505 530 508 490 500 495 515 489 487 498 500
"207" 505 505 496 503 491 489 496 504 504 530 530 484 490 504 472 472 502 497 499 467
"208" 507 503 485 520 512 505 492 499 503 479 501 498 466 525 499 506 509 498 516 524
"209" 512 487 515 492 479 496 506 484 509 504 506 500 481 485 502 479 508 469 515 497
"210" 529 489 492 494 490 500 469 521 508 499 493 508 494 501 502 535 508 464 500 501
"211" 500 514 509 502 507 490 473 505 495 476 509 493 499 483 491 506 515 496 507 502
"212" 505 508 480 496 461 526 521 526 522 503 507 519 480 495 513 492 505 483 517 472
"213" 508 502 492 514 490 523 487 506 480 486 510 503 514 501 497 485 490 510 512 501
"214" 491 496 490 522 508 524 497 506 498 506 528 544 506 496 512 517 522 495 504 526
"215" 485 482 494 493 502 509 491 495 487 485 506 505 513 489 489 503 499 494 507 482
"216" 483 512 520 481 490 502 492 522 510 482 512 498 502 486 504 486 506 487 491 516
"217" 509 514 529 500 491 501 522 508 483 495 499 500 505 532 487 488 522 494 480 494
"218" 500 515 503 511 518 482 495 490 489 527 501 483 507 497 492 524 507 510 508 523
"219" 486 507 515 501 511 490 501 505 505 490 519 537 511 485 533 509 495 495 507 469
"220" 509 528 480 489 514 516 503 496 508 490 501 479 508 483 524 489 526 497 533 499
"221" 515 490 511 486 494 488 521 502 520 504 521 492 506 487 534 512 536 562 502 505
"222" 503 500 518 472 508 515 539 500 510 496 524 502 515 510 502 498 499 493 518 496
"223" 509 538 484 518 500 494 511 494 494 498 506 480 496 526 512 478 507 486 499 518
"224" 511 511 514 517 478 518 522 512 501 495 505 513 497 488 491 491 489 502 517 511
"225" 515 495 475 487 500 490 498 477 500 503 496 509 519 503 509 510 495 505 516 492
"226" 496 507 498 505 500 504 517 493 501 515 495 488 497 495 476 514 498 514 519 527
"227" 513 502 499 490 486 519 524 512 492 465 509 497 518 517 515 497 514 503 494 524
"228" 518 539 511 504 499 485 494 494 513 522 512 491 505 513 498 520 486 490 503 492
"229" 501 485 516 491 490 493 476 496 516 513 499 490 489 515 480 482 491 524 478 487
"230" 461 499 475 515 481 487 488 530 509 495 510 490 500 500 490 519 529 495 490 495
"231" 522 498 508 490 505 477 500 504 501 504 508 495 483 501 491 471 492 517 486 513
"232" 491 491 489 492 528 471 516 506 486 498 501 499 507 517 455 495 516 506 493 511
"233" 479 483 493 499 474 496 527 504 513 509 535 537 503 528 484 525 496 492 492 515
"234" 502 509 498 495 472 491 505 493 494 506 499 501 496 483 472 519 500 479 487 504
"235" 510 500 469 492 505 508 495 494 489 542 508 485 465 525 517 501 487 521 473 514
"236" 523 503 503 493 516 503 498 501 488 505 499 509 494 522 502 489 512 495 499 498
"237" 493 508 500 503 506 500 526 479 500 513 506 480 476 492 503 484 480 499 498 510
"238" 494 481 479 486 500 519 514 482 511 495 501 504 523 493 478 494 498 502 502 509
"239" 485 534 494 505 515 524 525 473 503 494 522 518 484 492 461 501 504 473 498 513
"240" 514 507 499 503 467 503 510 523 490 488 458 480 487 499 498 507 510 448 476 502
"241" 521 501 504 503 508 491 479 485 480 485 524 502 504 492 480 492 485 514 503 481
"242" 487 511 501 481 499 481 509 470 495 496 517 502 531 488 513 519 505 508 501 494
"243" 489 498 498 513 493 501 486 494 521 495 516 530 509 487 505 461 492 516 480 479
"244" 516 490 475 472 509 491 502 517 499 482 507 496 528 494 471 506 498 490 496 500
"245" 481 503 521 496 483 518 477 523 520 503 480 506 513 517 495 507 493 497 501 491
"246" 519 491 514 523 496 525 496 467 482 528 515 511 484 504 500 497 526 527 504 512
"247" 508 501 506 507 490 491 493 505 519 500 493 497 489 461 484 495 505 508 510 529
"248" 515 511 492 516 483 504 489 519 495 495 512 513 499 479 493 509 514 490 492 506
"249" 493 530 530 512 497 500 517 498 514 525 529 513 515 493 494 507 491 485 499 473
"250" 483 499 490 483 503 505 495 499 478 486 526 490 514 501 476 517 517 518 484 491
"251" 508 528 531 494 493 514 528 517 498 492 492 519 489 501 537 515 504 496 475 502
"252" 506 489 511 508 498 514 531 486 488 499 531 479 507 500 486 516 482 518 469 472
"253" 476 510 469 497 504 491 491 491 507 487 485 501 484 493 494 482 507 515 498 546
"254" 481 504 482 497 493 516 531 506 485 481 524 486 528 518 470 534 517 513 509 470
"255" 527 512 511 502 491 515 513 492 510 469 505 497 482 518 492 507 502 513 474 512
"256" 494 497 531 507 490 498 499 494 489 490 519 479 489 517 484 515 481 535 502 518
"257" 499 494 507 498 497 506 510 507 507 495 495 506 509 474 485 501 506 517 515 494
"258" 497 499 512 515 510 487 490 491 494 487 518 513 503 510 466 503 511 508 496 499
"259" 502 492 533 513 514 506 520 501 540 505 511 505 503 476 486 483 485 502 506 488
"260" 520 524 483 513 484 525 494 509 502 470 493 509 485 477 511 486 496 498 497 534
"261" 488 478 489 477 494 487 480 517 477 495 489 459 501 511 490 478 504 509 507 508
"262" 512 486 519 501 491 480 461 483 511 521 513 473 503 493 520 510 498 497 525 480
"263" 485 482 520 497 501 500 512 508 497 490 477 492 511 491 537 503 511 509 496 480
"264" 467 506 503 490 496 511 499 495 484 512 484 481 508 495 480 502 513 519 506 514
"265" 484 514 510 514 518 489 514 473 512 480 488 520 510 483 501 510 507 512 477 529
"266" 498 492 511 499 494 519 485 510 477 501 495 521 482 507 500 477 518 498 505 507
"267" 501 512 515 521 478 512 509 486 480 507 501 534 518 508 494 500 493 543 475 508
"268" 486 507 489 511 510 512 497 522 510 503 526 489 514 477 483 503 506 501 473 488
"269" 500 497 494 501 479 477 495 520 515 497 480 488 513 498 505 474 485 481 488 509
"270" 483 493 494 497 507 490 505 525 481 500 515 524 483 484 509 513 502 467 495 464
"271" 486 512 515 531 506 475 484 512 496 499 515 502 507 474 518 514 506 498 481 497
"272" 510 488 500 496 520 496 506 532 493 476 523 511 500 512 497 506 470 526 512 502
"273" 476 514 485 523 512 488 505 517 518 494 484 491 504 481 502 499 516 525 507 502
"274" 496 512 492 460 516 486 502 526 500 512 506 524 489 510 506 492 499 508 500 528
"275" 522 507 481 498 500 518 488 508 506 512 530 523 465 502 474 497 496 516 495 516
"276" 536 511 512 513 496 473 491 489 491 482 496 474 500 506 508 506 487 493 507 515
"277" 522 504 508 506 497 509 475 484 526 519 500 496 489 509 508 520 493 477 503 503
"278" 493 493 521 503 511 513 485 491 513 495 510 514 511 475 528 505 467 514 504 509
"279" 481 513 496 490 499 498 500 485 478 498 494 524 524 506 471 495 512 509 493 500
"280" 534 479 506 506 486 483 530 515 505 495 498 514 509 487 515 506 505 507 515 511
"281" 532 502 508 475 504 488 495 495 522 511 512 476 493 486 472 508 511 528 493 508
"282" 490 474 514 518 499 514 490 510 494 523 496 520 497 503 501 495 501 493 501 494
"283" 491 490 505 499 488 505 489 501 500 497 507 479 459 509 507 510 496 507 488 494
"284" 506 490 489 515 514 526 528 491 505 518 491 471 466 481 499 493 506 494 499 483
"285" 490 501 509 508 517 501 492 498 519 489 490 481 502 480 482 510 475 499 496 506
"286" 483 491 479 489 491 500 505 537 511 519 521 516 506 476 509 516 489 487 508 515
"287" 493 496 494 483 490 515 523 502 512 495 516 491 506 527 484 500 487 487 529 477
"288" 501 506 518 510 472 495 538 546 496 502 510 488 480 514 500 522 493 488 493 467
"289" 483 495 490 490 479 515 495 497 516 505 519 503 483 503 492 507 513 509 503 514
"290" 469 509 515 506 498 489 510 509 502 524 522 528 505 486 512 501 493 508 511 488
"291" 509 478 476 492 504 507 519 479 490 497 488 469 485 492 526 508 511 481 502 525
"292" 493 503 523 505 480 496 531 532 497 510 498 523 487 472 497 508 497 484 494 502
"293" 499 504 511 486 487 507 502 488 504 509 495 496 512 500 502 509 482 462 491 488
"294" 503 503 498 496 494 491 487 504 489 489 495 489 475 496 513 459 496 503 476 481
"295" 548 507 489 485 493 496 492 509 511 508 508 498 505 487 502 520 523 495 492 496
"296" 513 490 501 487 499 501 456 542 513 483 541 534 498 492 486 499 501 489 489 504
"297" 514 489 493 499 498 509 517 482 535 480 491 481 498 487 513 490 515 519 523 540
"298" 503 476 500 495 510 499 503 501 471 469 459 520 509 489 497 511 498 495 493 503
"299" 500 547 482 507 520 496 495 507 499 524 500 517 513 495 499 493 506 460 481 524
"300" 510 486 493 495 513 516 493 487 513 511 504 490 515 493 530 481 504 493 495 516
"301" 491 485 509 523 479 504 519 489 507 467 500 502 502 519 516 523 486 503 474 531
"302" 486 499 526 512 500 473 529 505 505 507 509 497 491 486 497 482 505 522 473 470
"303" 488 527 473 507 499 481 469 506 501 491 511 516 511 491 490 502 477 476 465 486
"304" 465 512 488 474 514 496 523 497 480 493 503 511 499 499 509 499 496 507 486 487
"305" 492 504 483 516 509 482 487 474 520 495 504 487 472 478 514 520 476 513 515 512
"306" 490 513 508 485 492 491 484 497 467 504 479 497 508 507 487 527 520 501 476 512
"307" 517 503 495 490 508 486 487 483 523 492 528 471 502 517 497 494 517 512 477 507
"308" 526 488 466 483 505 514 521 509 499 496 505 494 504 517 507 514 486 484 497 480
"309" 484 500 497 518 527 505 506 481 500 501 499 468 505 494 529 507 478 487 508 504
"310" 513 516 506 528 460 481 479 495 494 518 506 504 497 507 489 511 512 505 494 498
"311" 489 523 515 497 526 505 493 482 506 495 509 496 494 502 511 484 482 506 518 531
"312" 489 486 515 512 499 515 486 512 494 486 477 506 505 489 518 513 511 504 522 497
"313" 493 496 485 511 529 479 508 501 508 491 508 493 500 516 526 463 495 499 497 500
"314" 514 511 492 520 485 504 482 501 480 465 508 485 475 507 478 502 514 473 480 471
"315" 488 485 509 521 508 534 492 488 482 507 504 463 534 496 510 501 508 505 521 507
"316" 515 510 493 508 519 520 517 523 515 502 492 484 482 512 494 555 529 518 493 486
"317" 523 497 511 491 492 529 504 486 481 513 480 498 514 494 510 492 510 510 505 496
"318" 510 509 507 488 510 489 504 509 507 512 512 505 502 492 500 510 502 461 522 501
"319" 477 485 499 503 513 505 495 499 511 526 493 469 514 478 490 505 473 500 516 486
"320" 504 487 508 527 463 505 488 497 505 497 489 484 502 527 502 497 483 492 524 510
"321" 533 499 478 483 519 495 506 504 519 515 494 515 492 499 513 510 498 495 473 490
"322" 500 485 481 539 510 507 506 471 511 515 503 529 525 493 483 502 491 510 486 488
"323" 528 503 500 525 499 492 498 518 512 497 480 522 507 511 489 497 498 503 484 479
"324" 497 473 514 498 496 513 486 496 478 508 505 515 517 477 506 473 500 511 503 512
"325" 513 486 498 515 508 515 487 503 503 520 508 512 524 521 520 517 498 512 507 476
"326" 482 486 497 508 491 465 516 482 514 495 490 512 499 495 498 498 480 513 496 517
"327" 530 495 505 504 504 514 508 486 513 504 481 500 500 494 505 500 491 498 504 495
"328" 503 489 477 480 490 503 501 480 476 506 495 462 483 501 486 502 510 498 514 478
"329" 497 491 518 494 512 531 495 503 498 493 508 490 514 489 498 524 510 515 496 499
"330" 492 481 533 513 518 515 508 474 518 497 513 499 517 513 481 496 521 498 503 532
"331" 497 521 491 497 508 516 483 505 490 500 514 506 514 487 496 486 503 498 514 515
"332" 511 513 506 472 490 482 506 498 522 502 480 493 486 501 500 496 507 508 493 489
"333" 492 510 505 483 515 531 495 487 494 503 524 487 503 495 482 505 502 480 481 493
"334" 496 512 498 513 497 502 504 505 545 483 506 499 498 526 496 498 503 477 488 495
"335" 472 504 482 487 493 495 497 497 502 493 497 504 491 495 497 466 520 470 498 502
"336" 530 505 507 530 492 497 494 517 522 480 504 494 509 521 530 519 509 463 491 520
"337" 493 505 503 499 491 481 487 494 481 502 499 528 496 501 490 489 474 499 489 483
"338" 511 493 525 517 478 495 493 490 482 487 515 486 493 505 481 499 478 488 499 514
"339" 472 487 461 498 514 528 514 496 495 495 533 501 479 493 509 531 500 482 513 516
"340" 483 476 489 487 500 516 492 493 499 492 489 500 496 494 495 472 486 516 501 511
"341" 489 511 496 492 488 513 533 510 493 508 484 504 512 474 487 487 481 532 493 518
"342" 529 501 512 501 481 496 534 506 495 506 503 484 516 493 481 483 513 526 508 526
"343" 494 527 506 498 499 459 510 489 500 487 502 520 532 494 465 485 514 499 482 514
"344" 503 502 508 491 505 495 493 514 498 502 515 489 506 463 483 499 478 514 516 485
"345" 496 486 494 508 473 501 519 522 475 496 468 500 520 486 474 495 483 496 495 494
"346" 518 524 501 513 508 518 500 529 515 499 507 513 510 494 507 524 542 477 497 511
"347" 492 472 494 505 492 509 507 521 521 498 493 518 520 532 498 502 528 523 499 478
"348" 501 492 503 497 501 520 492 522 491 522 469 496 535 505 516 503 499 487 511 509
"349" 478 499 501 501 492 520 492 474 472 492 502 491 509 478 476 530 511 502 516 497
"350" 497 494 521 500 508 505 505 509 504 521 499 511 489 530 509 518 479 503 492 523
"351" 484 474 512 490 516 502 489 498 493 502 482 499 508 489 509 497 483 484 503 501
"352" 488 490 499 511 518 481 519 510 499 518 501 501 516 519 505 514 475 528 485 520
"353" 478 547 502 518 516 500 520 525 498 505 499 535 517 497 506 505 503 512 481 512
"354" 480 490 498 486 479 475 494 515 498 517 478 518 514 491 480 521 495 495 501 491
"355" 531 514 470 505 509 502 477 508 501 502 497 513 495 502 499 503 480 485 499 480
"356" 507 503 513 512 494 494 499 492 508 496 497 510 484 530 497 506 496 497 516 531
"357" 491 498 495 497 519 495 497 513 485 488 490 465 487 521 536 508 517 500 498 501
"358" 498 498 512 492 497 498 480 530 497 485 505 488 526 506 503 488 529 492 478 480
"359" 501 498 497 504 503 508 502 512 520 458 500 488 510 496 493 494 502 507 493 518
"360" 488 503 529 487 464 508 498 473 498 512 519 503 496 513 505 500 493 476 515 479
"361" 498 501 498 504 491 492 495 483 481 508 502 492 500 492 491 493 460 463 496 448
"362" 524 494 515 479 509 482 486 512 486 497 517 506 464 491 485 488 546 520 485 493
"363" 493 496 487 495 500 490 517 501 498 490 471 485 521 513 543 511 493 517 487 512
"364" 475 514 489 505 513 507 487 510 525 499 503 476 499 506 514 518 535 505 505 493
"365" 485 521 491 485 480 514 522 484 491 522 493 528 510 514 508 496 490 488 522 493
"366" 510 504 533 502 480 491 516 532 506 514 489 494 510 487 506 478 499 479 513 490
"367" 507 500 510 513 509 470 490 489 481 487 496 503 514 514 528 505 485 511 491 525
"368" 497 520 502 501 504 510 530 484 479 503 500 493 510 485 513 480 485 497 497 482
"369" 479 479 527 492 519 477 492 490 506 520 471 486 522 492 492 492 502 506 489 498
"370" 475 492 485 500 497 477 518 494 506 500 493 484 486 495 502 505 516 500 481 491
"371" 499 498 498 517 502 490 525 488 500 503 523 467 490 491 535 488 521 520 532 480
"372" 495 495 499 503 483 481 515 480 523 499 482 475 514 513 506 487 514 515 495 473
"373" 490 497 512 473 479 483 531 512 480 517 480 523 525 508 473 529 521 510 480 490
"374" 519 487 443 496 511 467 515 516 483 500 509 503 499 469 471 514 486 514 491 501
"375" 484 494 495 509 510 535 500 486 509 495 506 504 499 536 484 524 475 483 501 494
"376" 517 515 520 520 479 503 495 510 493 503 493 522 509 485 485 508 523 490 475 504
"377" 504 492 492 480 500 500 510 498 495 490 512 522 515 524 513 517 498 492 535 493
"378" 505 486 519 468 508 502 507 520 527 530 512 522 510 490 479 509 486 525 506 481
"379" 506 514 497 524 518 484 488 496 501 497 490 501 487 486 475 504 499 515 488 469
"380" 460 511 487 498 492 505 484 511 499 501 462 509 499 532 514 498 515 483 508 485
"381" 492 494 513 511 511 517 501 489 483 503 493 489 499 509 458 499 514 504 485 513
"382" 491 501 476 497 507 510 488 491 503 467 484 494 523 478 530 526 517 526 482 473
"383" 486 480 533 533 509 510 511 516 490 541 495 523 534 521 504 524 487 493 513 483
"384" 490 506 514 503 513 502 512 493 522 500 515 488 505 509 500 539 516 494 473 490
"385" 484 492 514 492 513 529 503 498 484 503 475 492 504 521 494 487 527 520 499 481
"386" 519 498 523 523 491 510 484 494 505 490 499 511 516 506 504 500 530 481 522 489
"387" 497 497 534 476 500 516 500 521 494 510 494 519 520 493 523 501 503 500 496 495
"388" 478 488 508 513 474 502 460 497 500 510 533 534 501 483 464 502 526 516 484 483
"389" 509 512 523 515 508 517 493 491 461 498 491 483 495 486 488 502 530 490 496 477
"390" 482 514 499 500 493 498 523 526 510 519 517 490 471 499 484 496 501 510 477 488
"391" 470 511 471 479 508 514 512 503 501 505 492 518 487 491 504 508 517 499 471 506
"392" 495 508 505 470 515 516 525 511 495 508 478 504 511 506 483 503 498 522 501 499
"393" 490 468 498 503 507 467 485 494 512 499 512 519 477 517 522 491 498 513 493 523
"394" 490 498 526 475 504 490 514 492 504 507 506 509 502 510 490 521 501 509 519 483
"395" 448 498 479 493 506 528 490 494 528 527 495 511 509 507 495 495 518 475 504 498
"396" 499 482 500 482 520 506 491 526 500 498 486 511 478 485 489 501 485 510 509 503
"397" 509 467 493 503 532 494 512 502 471 524 494 492 508 522 494 500 493 509 509 518
"398" 485 518 491 497 492 509 495 509 519 521 490 503 502 491 475 543 487 515 499 527
"399" 497 479 485 467 468 489 500 505 496 485 487 486 518 468 527 477 493 510 491 509
"400" 516 506 501 480 492 503 522 505 528 494 511 481 474 514 522 496 503 491 506 503
"401" 492 516 501 507 462 488 504 501 500 500 510 496 527 488 490 466 496 520 510 504
"402" 480 518 511 509 532 483 508 521 499 508 506 496 495 478 515 495 488 495 511 491
"403" 482 496 512 516 489 510 487 491 481 527 496 494 517 525 487 509 510 492 496 502
"404" 510 498 506 494 513 500 512 500 514 498 506 508 512 508 501 509 489 485 504 494
"405" 484 517 508 484 497 464 492 523 510 493 490 500 490 507 499 517 493 506 503 503
"406" 503 517 494 489 535 501 513 486 519 472 510 530 459 507 502 522 510 513 516 498
"407" 492 483 479 479 507 490 523 496 480 515 513 506 517 489 536 480 512 496 500 478
"408" 505 506 477 517 496 511 513 517 491 506 526 504 527 501 458 475 476 518 493 487
"409" 462 529 514 491 503 500 494 521 473 513 521 514 505 507 504 510 498 512 477 510
"410" 495 496 495 493 496 500 491 501 522 537 500 481 480 507 516 492 493 460 485 486
"411" 518 494 508 498 484 490 485 521 485 512 507 449 484 505 510 499 490 489 506 475
"412" 513 497 514 496 494 462 490 514 501 481 508 475 476 501 493 510 493 487 449 482
"413" 495 475 492 500 484 495 507 515 494 480 500 512 488 506 496 520 506 533 524 488
"414" 513 502 494 497 500 490 500 500 521 494 504 484 487 500 499 490 491 516 520 505
"415" 503 508 494 504 511 504 500 507 500 486 476 502 499 467 456 483 510 509 494 502
"416" 501 516 503 490 525 512 471 511 487 522 483 504 516 473 524 510 471 491 492 501
"417" 461 496 489 508 498 510 496 504 510 476 491 509 531 517 484 484 500 507 525 510
"418" 498 489 505 493 498 489 508 513 491 505 497 465 500 517 527 509 510 486 538 512
"419" 495 518 480 526 484 517 494 466 488 490 501 527 515 471 480 491 504 494 505 511
"420" 498 508 518 494 486 491 481 523 498 481 508 483 496 517 491 509 487 484 532 493
"421" 478 489 478 549 502 484 493 492 482 469 507 497 509 501 525 524 507 509 519 504
"422" 479 482 496 494 503 511 493 492 498 470 509 492 500 492 484 494 522 510 505 518
"423" 494 514 499 519 496 526 521 501 498 489 519 494 486 491 496 513 511 518 510 461
"424" 520 495 496 501 515 508 476 484 503 508 522 513 503 484 500 480 500 494 516 471
"425" 486 475 488 496 529 482 504 484 503 489 505 495 498 509 500 488 507 499 490 491
"426" 507 501 510 479 501 458 481 517 486 563 505 491 481 519 523 532 503 465 494 522
"427" 515 509 489 493 493 503 490 514 502 506 508 516 495 519 515 445 487 498 492 506
"428" 470 506 511 517 518 501 515 523 480 500 473 527 512 516 527 510 496 511 471 466
"429" 470 508 478 493 505 462 488 488 502 479 503 507 514 482 522 499 490 510 510 508
"430" 503 494 526 496 518 496 503 501 514 499 495 517 501 503 511 504 523 497 498 492
"431" 512 462 505 483 527 504 474 513 462 508 546 500 500 486 504 497 489 510 495 471
"432" 484 499 495 531 505 475 513 512 495 490 520 486 511 507 489 498 509 487 510 524
"433" 487 526 505 506 483 501 514 523 485 500 474 522 466 489 499 495 507 494 502 487
"434" 506 507 533 505 494 490 484 486 515 514 477 526 518 493 519 515 551 492 510 532
"435" 500 526 497 503 512 514 508 480 509 483 488 478 505 471 498 501 504 538 530 500
"436" 528 542 486 525 511 512 488 499 488 483 485 494 515 509 509 490 497 501 473 527
"437" 468 500 476 477 484 492 488 520 485 506 522 517 492 511 523 499 516 503 478 499
"438" 490 516 510 491 489 498 515 506 519 510 509 491 522 493 505 496 480 498 514 500
"439" 531 521 503 510 522 512 497 492 484 504 518 514 496 499 525 496 494 506 496 493
"440" 485 486 468 476 487 516 495 487 478 517 493 521 504 503 504 513 513 500 478 486
"441" 483 500 505 541 485 493 495 506 502 522 494 489 520 489 487 498 477 495 482 520
"442" 509 486 503 489 540 508 507 498 494 496 499 512 475 513 507 512 500 516 522 472
"443" 483 519 506 506 493 507 500 518 495 498 504 496 518 541 497 515 509 523 475 501
"444" 469 509 505 510 497 524 497 496 495 507 495 491 530 493 483 520 494 498 488 497
"445" 492 494 483 499 491 507 517 528 514 513 499 508 501 505 463 476 504 500 466 490
"446" 465 490 509 502 484 501 514 476 498 492 508 526 518 489 462 508 511 530 477 515
"447" 501 498 485 521 527 494 490 489 514 521 512 496 502 504 500 485 527 510 514 477
"448" 495 493 491 481 506 523 503 507 507 482 518 499 467 498 509 510 496 477 507 479
"449" 492 487 499 514 484 500 486 505 499 517 498 506 499 500 494 522 468 505 511 479
"450" 479 515 510 514 499 501 514 474 489 498 512 481 489 500 501 504 489 474 516 513
"451" 511 502 505 474 504 491 479 517 455 496 494 497 461 487 515 514 502 528 488 499
"452" 510 497 509 500 505 508 512 492 506 508 498 501 471 492 498 517 516 495 502 497
"453" 482 519 488 493 482 493 486 520 487 497 503 470 495 523 500 496 476 514 472 495
"454" 512 495 509 507 468 514 481 498 501 484 471 491 490 518 497 496 505 513 486 505
"455" 491 501 486 473 521 513 485 501 510 497 504 489 486 502 508 509 494 503 495 512
"456" 490 504 496 493 479 496 502 528 505 483 517 475 515 483 497 506 485 471 480 521
"457" 494 501 491 507 495 492 472 495 526 515 487 479 495 505 481 502 480 514 527 495
"458" 507 497 486 505 492 525 491 502 491 510 508 537 465 495 494 504 486 464 509 514
"459" 501 486 502 487 469 495 511 541 509 482 518 491 495 496 476 495 542 493 487 530
"460" 475 487 504 512 494 499 500 506 497 498 506 488 499 513 489 465 506 505 507 481
"461" 482 487 521 521 464 499 503 492 489 510 500 503 489 496 506 539 506 517 493 480
"462" 487 527 497 490 503 484 512 518 472 464 493 509 485 489 507 493 511 509 494 503
"463" 524 490 496 496 506 506 507 483 530 504 510 525 502 469 477 517 506 481 485 510
"464" 500 492 508 497 521 482 489 478 491 508 503 484 458 508 492 469 503 479 491 504
"465" 496 487 489 518 483 486 499 494 485 485 519 512 507 489 497 500 506 502 508 460
"466" 489 511 486 521 501 487 495 496 483 504 492 510 520 523 497 485 489 494 472 519
"467" 496 479 511 506 511 518 499 512 504 492 474 495 462 509 513 531 487 505 510 499
"468" 503 528 520 526 510 504 487 503 516 500 507 492 497 493 502 491 491 513 484 516
"469" 501 495 511 517 496 485 505 502 502 473 499 519 486 522 527 497 477 468 503 497
"470" 496 509 497 519 506 510 511 472 474 519 501 478 517 506 492 485 484 485 503 464
"471" 512 475 483 486 502 487 508 489 466 518 481 473 512 488 489 493 520 497 505 498
"472" 499 480 482 486 505 490 498 512 469 519 513 519 516 515 517 503 487 480 511 510
"473" 506 491 479 494 503 478 504 518 516 528 498 497 521 513 511 510 472 478 504 492
"474" 496 497 498 498 516 521 486 506 495 525 501 498 474 500 520 505 522 505 504 488
"475" 497 512 508 503 478 499 492 481 527 485 532 503 498 503 512 509 500 497 511 504
"476" 494 509 485 506 509 484 511 493 505 495 486 492 507 486 510 460 500 494 503 510
"477" 515 490 522 497 523 527 499 503 506 506 513 476 497 505 476 524 511 498 501 496
"478" 501 508 465 485 505 497 503 506 476 494 510 514 493 489 507 514 502 498 519 525
"479" 494 502 499 484 532 480 501 527 489 516 512 491 505 496 454 501 533 512 518 508
"480" 502 500 493 507 489 509 486 512 461 495 474 490 493 496 483 513 536 501 512 481
"481" 501 524 499 507 491 461 500 531 515 475 490 495 505 473 500 487 477 526 498 514
"482" 505 477 517 494 532 496 504 506 509 495 476 513 499 481 510 512 480 486 495 493
"483" 523 480 489 491 479 511 510 483 514 518 503 530 506 491 500 478 490 493 517 533
"484" 512 517 482 497 465 504 490 489 507 504 476 494 500 511 502 481 502 506 516 507
"485" 478 481 514 506 498 502 515 492 543 524 513 509 486 470 508 500 485 510 508 532
"486" 468 484 499 508 498 512 524 508 509 478 513 505 499 500 474 483 512 498 514 519
"487" 476 507 523 473 505 483 495 522 487 511 486 518 494 480 501 521 517 486 525 510
"488" 476 491 502 493 498 493 487 500 495 480 506 486 518 508 501 516 510 504 508 500
"489" 542 491 455 510 514 514 485 470 519 507 510 536 504 494 524 460 475 516 485 488
"490" 470 487 491 522 501 516 497 488 493 501 519 494 498 511 496 499 481 494 488 497
"491" 489 501 479 505 501 513 484 482 498 505 493 488 508 494 494 510 537 497 498 507
"492" 495 513 494 476 507 521 496 496 493 480 503 478 471 503 490 508 516 485 486 500
"493" 517 483 503 470 502 490 494 502 465 501 518 491 486 500 491 487 493 491 513 475
"494" 501 489 505 505 526 517 510 509 502 510 525 484 501 507 523 500 492 517 527 508
"495" 525 488 489 474 486 517 510 504 473 521 535 484 482 511 485 501 481 505 512 483
"496" 491 504 493 491 483 493 498 492 495 508 483 497 526 499 503 485 507 511 523 509
"497" 490 511 480 510 505 498 512 489 482 470 495 481 490 514 491 485 487 467 531 511
"498" 497 516 494 506 534 489 527 498 479 507 495 499 474 509 493 503 476 524 503 509
"499" 512 485 499 513 496 497 482 491 479 485 497 507 512 501 505 532 479 510 492 506
"500" 510 501 496 487 466 513 479 489 502 506 505 527 501 497 529 499 487 493 507 492
"501" 474 490 527 492 525 519 478 506 508 495 490 529 506 520 506 493 505 506 495 479
"502" 512 513 525 501 507 505 494 479 516 511 488 488 489 490 490 531 495 518 502 488
"503" 504 508 481 506 489 508 507 511 508 502 501 512 487 498 488 499 491 513 523 513
"504" 503 460 498 484 499 524 523 498 471 487 514 489 488 513 538 519 500 518 480 492
"505" 517 491 527 503 496 490 483 542 512 486 488 493 526 492 484 492 525 506 509 513
"506" 494 494 506 500 496 501 503 507 511 510 494 508 507 500 482 492 526 503 489 515
"507" 520 498 521 517 505 492 485 496 502 523 489 499 502 502 480 511 506 507 487 491
"508" 500 490 502 489 489 496 479 511 521 504 507 484 523 505 513 501 486 506 509 516
"509" 486 477 473 503 485 522 511 516 501 484 507 497 488 533 519 503 483 510 511 492
"510" 481 521 523 505 499 483 515 515 506 504 489 499 509 517 529 528 530 508 519 498
"511" 517 488 523 509 518 493 509 514 478 495 509 516 499 471 521 513 501 489 495 509
"512" 519 511 501 509 492 496 493 510 500 491 475 474 477 498 499 506 466 513 514 513
"513" 483 497 491 520 517 501 492 500 523 508 489 515 484 497 510 514 534 484 494 513
"514" 517 458 493 485 510 498 490 516 483 509 503 528 485 507 523 533 503 484 523 511
"515" 473 508 478 472 514 494 480 501 501 499 505 491 501 493 493 504 518 508 489 509
"516" 508 503 497 471 488 517 487 481 528 486 500 506 545 488 491 517 478 491 494 500
"517" 494 488 524 507 510 526 517 494 484 538 493 511 505 514 490 502 513 539 499 525
"518" 510 514 516 485 501 494 502 498 519 494 470 487 519 503 515 508 504 519 513 522
"519" 525 504 520 523 475 491 510 504 524 512 486 509 490 478 510 500 490 501 505 491
"520" 492 474 502 492 531 528 514 527 516 546 527 495 494 486 505 517 518 511 507 519
"521" 474 487 481 497 511 492 517 507 523 519 520 489 508 490 477 497 490 490 484 512
"522" 513 511 507 515 517 483 494 494 481 475 478 539 524 497 526 508 497 495 476 499
"523" 491 503 517 470 500 481 506 476 504 485 503 502 522 500 485 532 494 484 505 486
"524" 506 492 499 495 452 499 513 501 477 479 501 500 491 499 531 473 500 517 493 526
"525" 530 507 485 495 496 511 516 493 547 476 505 509 511 493 457 510 511 461 486 514
"526" 516 499 522 493 502 465 502 493 514 470 521 503 490 525 504 496 497 498 483 505
"527" 475 487 499 504 453 491 514 508 532 486 483 520 483 511 520 499 473 488 508 473
"528" 446 517 494 494 520 536 505 510 520 497 508 511 488 507 524 501 485 510 493 496
"529" 516 487 515 494 508 493 528 526 511 495 506 491 527 507 520 484 500 497 510 490
"530" 483 489 478 501 487 515 485 492 499 501 496 493 502 519 511 494 494 483 490 483
"531" 499 528 532 486 508 519 503 503 523 481 513 503 489 517 526 514 508 525 521 510
"532" 494 512 487 508 491 533 490 502 528 492 453 507 502 502 509 514 487 487 501 517
"533" 517 489 509 504 492 515 501 482 516 488 514 524 515 485 503 509 464 497 504 497
"534" 486 478 510 508 517 495 475 488 481 486 490 503 481 501 515 508 486 482 522 476
"535" 500 515 487 494 492 522 512 523 492 483 515 494 495 518 512 504 510 483 515 516
"536" 491 492 521 506 515 499 497 492 534 489 499 481 517 480 508 502 500 469 496 472
"537" 510 484 497 498 515 496 497 518 507 483 480 503 496 519 489 540 524 494 503 511
"538" 494 495 513 503 504 513 509 494 491 491 510 526 501 480 525 510 474 521 510 493
"539" 511 481 494 485 499 531 508 502 507 503 518 525 491 520 516 511 490 501 504 489
"540" 518 495 494 510 482 500 494 514 526 520 497 489 480 501 493 508 505 492 500 509
"541" 518 507 480 488 502 512 523 480 495 499 479 509 488 496 527 493 483 498 512 486
"542" 515 497 480 478 511 509 472 487 510 522 479 484 494 495 516 472 512 512 480 518
"543" 482 503 469 498 467 470 528 497 471 522 502 496 506 510 489 507 484 500 486 529
"544" 495 510 485 499 526 506 514 508 468 519 506 538 492 505 516 521 502 495 483 462
"545" 487 500 485 478 504 501 496 476 516 508 526 515 508 474 482 486 490 505 497 484
"546" 508 522 492 490 469 499 484 493 483 510 498 516 490 503 470 497 482 532 538 503
"547" 493 494 494 529 496 474 511 491 516 493 499 474 496 506 487 517 487 522 522 507
"548" 520 523 493 490 491 503 488 498 494 490 502 508 480 502 471 506 516 495 531 480
"549" 511 503 508 513 476 480 486 497 512 503 496 491 495 535 514 507 506 499 518 492
"550" 511 516 537 505 499 501 502 530 529 497 479 495 513 509 481 488 540 507 473 501
"551" 478 478 482 512 507 497 516 485 506 480 525 493 498 500 516 531 487 531 476 495
"552" 478 496 486 504 495 485 510 516 486 528 490 504 495 498 490 485 492 496 515 501
"553" 503 496 481 495 518 482 542 484 497 522 497 516 491 501 548 511 472 499 495 486
"554" 502 506 505 515 504 498 486 508 472 475 490 509 502 527 468 495 506 490 513 466
"555" 492 489 488 506 494 463 503 495 481 510 485 498 496 472 486 475 483 476 520 552
"556" 491 487 494 518 514 505 518 499 504 505 500 513 527 458 493 495 479 497 502 496
"557" 498 492 483 532 514 489 500 497 481 509 514 485 517 515 499 518 514 537 494 458
"558" 505 490 514 491 481 517 533 488 505 509 511 477 487 484 497 453 484 486 500 485
"559" 486 519 482 490 520 497 511 515 480 524 506 483 510 489 492 517 475 483 485 489
"560" 491 471 479 500 499 514 508 507 502 495 527 501 488 485 503 482 489 505 493 481
"561" 511 509 506 512 517 499 493 494 503 506 504 498 509 513 474 507 474 515 504 502
"562" 529 504 516 508 503 496 508 505 489 486 523 503 489 479 458 480 484 491 498 467
"563" 482 509 507 514 517 524 499 477 513 509 495 492 496 527 509 485 519 487 486 526
"564" 501 458 486 486 525 478 510 497 533 492 507 460 494 483 470 512 513 531 504 491
"565" 493 509 503 486 518 519 503 491 465 488 506 485 519 500 465 508 502 480 498 524
"566" 494 506 489 484 502 498 480 510 514 509 505 493 500 501 529 531 443 523 490 502
"567" 521 502 508 500 508 487 512 518 495 498 514 489 499 500 524 470 493 499 483 486
"568" 485 517 503 517 515 494 515 496 488 492 509 517 482 482 508 520 513 503 511 502
"569" 513 497 508 489 531 496 498 507 506 513 501 501 513 496 493 494 513 490 488 514
"570" 469 524 510 491 486 507 495 503 508 486 522 508 491 491 494 483 521 507 473 504
"571" 493 487 485 518 522 513 493 516 499 517 470 473 478 485 469 510 489 484 493 535
"572" 519 495 481 480 509 496 501 510 506 511 526 471 486 497 518 486 523 518 482 497
"573" 509 478 549 496 475 497 503 475 488 510 475 491 534 482 502 498 487 479 519 470
"574" 526 502 490 509 531 502 461 510 499 509 497 483 511 504 511 508 495 496 510 487
"575" 467 514 494 494 503 514 477 509 486 510 507 481 508 509 487 493 492 471 502 510
"576" 500 487 512 506 465 507 501 512 516 512 530 510 493 508 498 520 498 504 488 468
"577" 499 496 492 488 474 497 502 507 493 523 482 512 482 517 515 495 492 514 484 523
"578" 523 519 492 463 470 473 495 489 521 472 517 498 480 507 496 487 516 510 485 502
"579" 502 489 501 520 490 521 482 498 502 497 498 492 493 482 508 506 513 488 477 494
"580" 484 508 498 505 481 499 495 469 500 515 510 517 494 495 493 510 498 501 479 509
"581" 485 483 488 490 516 516 500 520 478 511 519 505 485 477 495 521 528 478 477 500
"582" 501 470 505 498 497 479 489 484 501 489 491 494 526 487 496 494 496 496 505 498
"583" 511 483 501 501 519 503 493 501 467 471 501 482 485 485 466 526 509 481 502 499
"584" 501 488 508 518 514 489 507 505 495 494 487 548 515 487 503 478 510 515 521 497
"585" 496 465 496 500 502 521 508 486 500 479 489 490 506 489 499 466 480 469 503 491
"586" 521 511 487 510 469 496 484 497 487 483 472 478 531 518 476 505 492 493 512 493
"587" 510 499 489 484 523 494 481 493 502 461 490 497 505 512 528 489 496 504 492 503
"588" 523 488 487 490 483 530 496 485 540 500 501 474 486 483 483 481 489 499 483 483
"589" 508 530 509 476 505 529 504 530 490 501 534 494 545 508 485 471 503 499 499 505
"590" 495 508 527 499 485 501 484 468 514 496 496 520 499 503 515 496 482 489 511 513
"591" 478 493 494 516 492 483 494 482 452 483 480 514 521 490 495 518 503 479 507 505
"592" 488 510 487 495 486 503 490 505 495 506 481 492 477 515 511 507 508 508 478 507
"593" 493 509 499 469 498 517 480 496 541 498 478 505 488 500 527 513 523 502 493 474
"594" 527 503 543 504 492 525 515 517 514 521 533 496 511 517 489 483 494 487 491 494
"595" 480 483 501 481 505 524 450 503 515 493 511 475 501 511 505 511 500 507 483 496
"596" 525 495 479 483 504 486 505 513 508 507 515 505 478 527 534 491 514 497 515 505
"597" 519 505 498 511 511 509 498 497 503 498 500 473 456 485 509 486 476 501 501 500
"598" 490 497 475 505 503 539 478 505 543 512 503 498 512 507 485 485 505 485 506 469
"599" 488 480 492 480 493 493 538 520 514 522 518 510 477 498 504 509 494 495 517 491
"600" 507 505 517 520 500 487 515 507 531 489 518 488 509 482 476 494 482 496 476 500
"601" 501 496 510 509 512 499 501 505 497 510 523 528 504 500 525 482 550 521 514 520
"602" 505 501 499 461 478 531 509 494 486 467 488 509 507 503 499 481 521 504 492 488
"603" 506 514 511 492 505 520 488 502 489 504 483 508 500 474 473 512 495 505 491 507
"604" 532 507 484 499 466 507 515 502 512 512 497 543 499 462 486 502 522 498 493 487
"605" 512 512 525 491 488 517 504 525 482 496 491 504 497 529 514 478 490 547 509 550
"606" 480 496 507 520 485 509 501 475 479 492 505 517 503 525 515 490 518 491 503 488
"607" 488 480 496 488 475 499 498 522 501 492 534 508 501 500 512 492 479 479 519 516
"608" 520 487 479 485 499 493 505 501 508 507 489 531 497 492 489 528 511 499 488 499
"609" 487 502 515 512 499 523 493 508 495 508 474 483 475 511 518 510 468 499 505 492
"610" 518 523 499 512 472 498 489 480 487 509 468 481 483 509 510 511 516 497 479 474
"611" 494 497 498 489 480 495 494 492 494 492 512 453 537 483 518 507 520 493 479 476
"612" 479 503 515 488 514 496 538 507 494 493 514 482 519 546 493 482 516 506 480 528
"613" 498 499 515 491 528 513 510 499 482 502 478 478 481 524 499 499 489 532 500 474
"614" 473 528 483 489 523 534 521 512 509 503 493 456 501 517 542 514 508 496 472 501
"615" 518 508 507 489 478 506 472 509 488 497 519 488 500 487 485 470 477 460 499 511
"616" 479 490 501 506 473 514 506 501 508 486 508 492 508 481 497 497 478 495 499 505
"617" 499 481 509 507 501 498 467 493 494 487 494 506 521 480 511 480 507 502 493 497
"618" 510 509 497 526 494 491 502 531 507 494 509 493 506 521 502 487 507 517 486 467
"619" 518 478 505 510 512 495 504 538 485 509 511 504 512 487 489 511 508 516 483 500
"620" 513 490 502 534 521 480 493 500 492 492 497 510 476 514 477 511 489 522 494 521
"621" 511 513 507 520 512 491 500 521 509 502 512 490 509 515 483 484 525 483 497 477
"622" 485 481 529 481 492 471 479 493 499 502 481 505 507 480 508 509 514 484 506 485
"623" 495 490 480 498 492 505 500 455 496 513 503 518 504 501 507 479 501 518 495 505
"624" 516 529 484 505 494 504 478 511 493 530 502 517 548 509 511 492 512 492 495 501
"625" 506 498 521 482 500 501 505 521 519 502 485 530 495 522 513 516 480 502 524 518
"626" 511 500 492 480 480 512 505 516 480 513 495 490 491 453 535 489 482 500 505 536
"627" 503 502 505 524 487 486 515 490 510 484 499 511 563 516 488 500 521 459 512 514
"628" 490 523 492 490 498 489 513 505 500 495 471 533 519 496 473 503 493 475 514 478
"629" 461 501 517 528 471 486 504 521 503 499 514 496 486 507 477 497 497 513 494 494
"630" 513 505 509 515 510 495 520 501 506 490 506 515 486 499 479 516 500 519 506 484
"631" 500 511 509 512 489 500 506 492 524 482 472 480 529 496 489 465 507 481 510 523
"632" 471 530 489 479 489 483 526 486 515 500 485 519 465 499 503 482 516 490 484 478
"633" 521 505 506 510 509 506 499 480 494 520 498 477 516 491 534 501 476 493 508 500
"634" 500 508 522 517 501 511 494 495 534 515 486 477 476 508 494 498 508 472 471 536
"635" 503 515 479 473 521 460 503 518 507 479 488 503 513 443 510 475 512 509 522 494
"636" 507 489 488 500 508 492 504 497 481 476 509 497 526 494 511 502 482 506 503 510
"637" 512 516 508 499 513 497 492 484 478 499 519 491 489 476 525 517 481 493 481 497
"638" 496 515 498 494 517 533 495 501 494 490 534 503 512 511 482 494 502 494 494 504
"639" 497 523 513 525 510 493 508 503 497 502 503 510 490 513 508 487 516 499 512 511
"640" 526 483 503 499 470 482 487 507 505 484 515 514 515 495 463 475 491 466 470 502
"641" 493 469 494 517 490 494 499 487 523 472 504 506 523 486 520 486 535 475 495 486
"642" 470 520 502 520 496 520 523 475 543 515 480 530 494 487 524 508 497 507 511 482
"643" 485 521 469 486 530 524 512 460 506 471 509 498 495 496 495 510 499 509 523 489
"644" 535 488 506 528 494 499 485 490 481 495 483 506 494 506 528 546 505 513 511 481
"645" 495 504 504 497 505 514 486 473 476 503 486 493 477 478 497 504 493 506 486 511
"646" 492 519 485 518 498 493 522 514 506 525 500 512 491 519 503 492 481 503 502 502
"647" 494 479 508 496 520 489 545 502 507 501 472 509 489 482 480 449 545 500 507 523
"648" 504 516 510 500 495 506 461 515 501 497 479 492 504 525 488 500 522 491 496 487
"649" 506 499 514 526 523 543 483 515 499 469 493 495 492 494 489 508 479 498 501 523
"650" 517 502 496 489 499 492 522 499 520 495 488 532 485 520 504 496 521 460 468 501
"651" 502 456 499 510 513 490 474 494 495 478 496 482 523 493 493 487 485 516 502 481
"652" 492 535 521 458 486 527 505 511 483 503 489 491 491 479 498 493 496 482 480 465
"653" 499 515 505 511 485 480 499 490 511 523 537 511 484 514 501 519 481 487 531 513
"654" 501 515 518 508 493 531 475 487 508 486 496 500 504 513 507 501 493 515 494 490
"655" 491 475 514 497 509 508 495 517 496 506 494 507 512 496 508 515 481 499 492 495
"656" 481 492 505 487 510 507 486 517 522 494 522 499 471 514 510 507 523 505 527 514
"657" 492 488 498 497 493 489 489 498 512 497 501 479 498 493 470 483 495 487 491 502
"658" 481 502 476 508 528 516 460 480 525 490 525 500 509 489 496 478 501 493 489 527
"659" 488 486 498 515 499 508 510 495 469 503 494 519 535 488 499 494 490 500 505 521
"660" 484 498 495 500 504 501 491 491 520 506 516 514 523 528 513 491 493 499 475 538
"661" 511 487 517 511 480 536 512 482 486 488 504 509 499 488 503 492 528 474 514 485
"662" 507 517 506 487 510 498 519 457 500 509 489 496 494 521 509 535 508 493 498 476
"663" 516 479 510 474 499 500 504 479 494 511 495 491 509 499 491 502 480 493 513 473
"664" 515 516 500 504 508 470 491 516 489 494 518 521 496 515 471 495 506 514 494 526
"665" 493 506 497 449 489 528 495 532 487 491 473 495 511 485 496 489 489 513 503 487
"666" 522 499 500 511 480 471 492 483 521 499 493 509 527 515 486 485 491 504 494 478
"667" 493 517 514 469 488 513 460 481 508 489 487 500 512 460 473 494 501 501 510 485
"668" 471 517 502 503 469 478 515 521 499 494 514 493 513 516 521 506 497 493 506 500
"669" 492 493 477 508 503 516 516 474 480 486 508 480 521 501 513 518 500 506 479 482
"670" 509 502 486 518 521 491 492 500 498 530 525 483 487 502 468 518 488 495 506 506
"671" 478 494 510 505 484 516 527 498 486 501 485 515 510 492 496 502 505 500 485 487
"672" 503 504 521 522 470 488 501 490 539 482 480 498 510 504 478 508 539 483 485 490
"673" 511 506 497 490 484 495 512 510 507 471 487 481 494 503 496 497 493 525 502 506
"674" 501 508 492 534 496 498 502 499 497 485 499 510 492 493 518 484 507 493 510 534
"675" 516 509 480 523 495 516 501 511 494 515 486 520 499 511 506 522 492 499 509 486
"676" 498 491 526 509 485 480 519 478 497 509 477 514 508 513 485 510 520 489 504 516
"677" 503 507 479 497 501 523 471 465 501 533 501 530 508 506 509 490 511 509 492 504
"678" 470 489 495 538 502 511 469 508 514 481 490 516 521 496 495 501 499 506 519 504
"679" 498 511 510 496 457 511 493 511 523 533 495 525 504 529 494 521 503 484 511 480
"680" 491 519 480 510 514 511 502 516 493 481 514 498 475 525 489 538 515 519 479 530
"681" 484 494 496 493 480 533 522 515 468 526 497 508 505 481 488 504 492 505 514 491
"682" 518 523 500 481 525 482 487 522 479 522 487 517 500 503 516 495 503 477 497 502
"683" 518 530 550 510 485 493 502 498 495 496 514 489 518 475 483 501 487 508 509 521
"684" 490 486 503 496 499 500 515 514 492 509 510 524 523 477 510 505 503 502 497 512
"685" 503 495 493 510 507 520 512 478 511 516 492 519 484 517 487 520 508 534 519 499
"686" 502 516 473 519 515 503 487 506 498 484 503 500 484 501 505 510 504 526 488 472
"687" 497 482 534 489 515 508 492 525 475 499 494 501 496 502 502 489 484 496 519 474
"688" 489 479 489 491 482 489 482 476 487 492 513 484 492 455 499 516 490 512 501 480
"689" 500 501 482 514 523 489 483 480 484 500 482 513 502 491 497 494 494 482 503 494
"690" 499 494 521 514 481 504 499 491 496 525 490 504 487 542 493 506 486 507 508 493
"691" 509 532 509 485 517 512 488 495 509 500 527 512 483 503 491 490 507 490 501 516
"692" 525 492 522 486 487 524 516 507 485 475 501 504 510 497 508 518 510 478 519 504
"693" 534 524 501 484 526 468 502 523 475 485 487 498 497 506 494 489 510 500 500 499
"694" 493 501 525 502 491 516 494 477 529 482 510 522 479 515 530 495 477 520 488 494
"695" 509 485 489 491 493 500 492 492 493 491 514 494 487 506 510 518 506 489 496 511
"696" 499 489 488 519 492 523 530 489 490 485 473 496 490 484 501 480 518 516 495 472
"697" 496 467 483 478 519 493 488 500 472 489 469 486 513 475 478 512 490 481 489 504
"698" 500 495 533 507 475 499 505 475 499 518 526 514 530 496 484 503 494 523 504 500
"699" 500 483 488 491 480 521 502 478 489 494 496 484 479 472 488 492 504 496 479 504
"700" 486 510 494 494 522 496 498 492 495 486 515 511 502 485 500 518 523 496 484 506
"701" 525 475 490 475 493 512 478 499 485 515 503 464 496 508 477 518 510 489 505 507
"702" 513 500 512 497 471 504 485 477 533 495 484 504 498 489 488 516 529 505 495 526
"703" 517 507 488 508 525 484 489 490 506 480 515 470 521 496 502 524 483 512 477 513
"704" 481 514 506 492 517 504 508 510 514 486 510 533 477 495 496 537 495 492 502 489
"705" 485 509 526 492 525 516 505 505 505 503 490 507 494 500 513 504 527 493 522 517
"706" 503 520 483 529 500 500 506 500 486 520 513 502 510 477 502 509 512 521 499 482
"707" 492 503 498 476 472 513 519 486 521 485 491 463 504 542 513 506 496 512 520 484
"708" 520 484 494 526 486 535 494 498 510 497 502 504 496 499 528 481 499 516 474 506
"709" 490 502 512 509 487 500 508 509 501 513 498 485 481 554 529 525 532 480 494 491
"710" 487 497 473 504 516 516 497 493 509 494 477 534 528 498 532 508 513 508 499 507
"711" 500 467 496 494 532 481 494 504 497 515 513 467 510 487 501 497 523 500 502 504
"712" 532 477 482 493 507 499 487 483 498 524 493 509 516 506 468 483 498 486 504 519
"713" 504 504 487 497 520 505 495 488 517 509 520 522 508 470 500 489 490 520 514 496
"714" 504 503 510 508 501 491 498 497 516 521 498 495 490 502 524 486 491 505 505 503
"715" 523 480 502 483 485 521 509 497 475 522 501 514 517 498 494 493 486 540 487 497
"716" 523 534 495 509 502 494 486 495 514 518 504 521 509 518 517 487 494 510 511 521
"717" 525 508 496 486 491 491 479 523 487 503 510 510 475 499 512 498 481 488 527 486
"718" 500 505 521 480 496 480 478 499 523 483 531 496 500 517 507 505 499 491 522 491
"719" 505 496 484 523 498 497 508 520 504 512 519 483 510 497 527 473 500 500 501 517
"720" 501 524 511 504 483 509 489 488 515 492 496 522 522 489 513 491 490 498 495 501
"721" 530 508 482 467 497 502 496 517 495 521 515 512 511 502 467 500 556 544 518 516
"722" 487 546 508 507 493 503 524 505 488 514 513 496 527 520 488 510 507 501 455 493
"723" 491 508 487 488 500 509 513 511 496 495 527 515 478 497 495 526 510 498 504 462
"724" 497 510 471 476 495 494 531 502 509 519 516 487 486 516 506 511 517 520 479 497
"725" 494 507 505 506 517 497 523 459 470 493 516 534 500 498 483 501 514 485 529 505
"726" 503 512 514 528 529 522 516 501 491 484 525 500 519 506 493 481 458 501 510 500
"727" 506 506 517 476 499 523 514 512 539 522 498 495 496 495 487 498 514 488 533 516
"728" 478 483 512 499 481 487 522 512 472 491 466 493 490 503 504 505 512 499 508 489
"729" 517 509 511 481 466 498 502 497 502 472 511 510 477 531 522 505 508 492 524 507
"730" 528 484 484 501 521 517 512 517 488 515 477 513 475 503 486 504 500 499 475 470
"731" 526 506 493 470 527 513 486 503 523 487 494 528 519 466 518 465 479 490 498 506
"732" 483 504 498 485 506 490 507 495 492 499 470 504 479 489 486 486 519 493 496 497
"733" 493 486 534 500 489 496 479 507 510 517 504 513 498 504 473 519 488 520 492 480
"734" 505 505 517 485 509 500 476 477 488 499 499 499 517 497 506 474 492 481 470 506
"735" 522 504 497 500 509 503 518 521 508 517 510 466 520 475 507 489 500 504 480 533
"736" 509 504 515 520 533 472 473 497 487 483 474 473 479 490 501 505 478 511 502 536
"737" 517 504 492 493 501 514 496 513 484 502 531 483 486 502 497 480 482 490 505 500
"738" 499 497 470 534 501 498 501 503 485 497 497 495 515 517 515 472 504 494 507 509
"739" 534 475 483 513 494 491 508 509 538 483 503 495 489 506 496 505 482 480 479 505
"740" 499 507 475 481 482 477 498 477 493 497 531 475 514 519 511 506 489 507 479 498
"741" 508 498 518 487 488 484 516 502 486 506 502 507 504 485 480 485 523 497 497 511
"742" 504 509 504 500 531 498 501 494 501 514 501 491 515 488 500 512 480 488 513 496
"743" 507 501 515 502 481 473 527 514 490 517 511 505 477 509 490 488 508 501 514 528
"744" 508 495 515 484 529 503 530 492 504 508 519 504 480 512 495 511 520 486 492 507
"745" 500 502 503 489 519 499 496 489 485 510 490 493 487 490 504 486 504 511 510 516
"746" 527 471 502 501 539 529 514 490 495 502 480 514 527 483 492 502 464 516 496 510
"747" 509 531 478 518 502 529 497 466 509 478 487 494 501 505 518 500 488 505 489 517
"748" 483 527 522 542 476 490 504 486 521 487 512 511 474 481 484 494 486 533 514 493
"749" 484 499 506 485 493 514 500 525 509 505 530 507 487 505 495 494 529 522 530 501
"750" 514 492 514 489 488 505 538 500 521 524 517 517 487 475 499 489 506 503 503 507
"751" 536 535 507 487 519 524 501 502 511 487 502 496 470 522 492 501 500 528 498 494
"752" 494 484 505 489 493 493 490 509 530 468 491 491 487 518 491 507 484 489 477 498
"753" 481 526 503 529 509 514 497 508 523 514 472 506 505 485 537 493 528 517 499 492
"754" 493 511 526 512 491 491 518 486 494 502 494 524 533 478 499 519 491 505 515 483
"755" 509 506 479 513 494 519 495 492 499 487 530 504 513 508 480 502 508 496 512 484
"756" 503 506 518 502 466 513 521 527 496 498 506 503 495 497 495 496 488 508 499 492
"757" 493 503 451 480 461 519 496 508 489 509 463 501 471 494 491 480 508 518 501 517
"758" 478 497 502 521 488 492 467 504 511 495 505 495 530 518 497 472 492 511 526 519
"759" 473 513 493 483 484 486 504 497 508 506 492 505 496 519 472 482 521 467 515 490
"760" 511 529 490 485 502 543 486 492 512 525 488 518 492 496 489 490 488 507 510 468
"761" 507 502 511 513 480 515 520 491 498 471 477 492 476 485 507 489 507 486 483 496
"762" 508 535 480 503 496 503 491 501 472 484 484 560 476 498 485 512 505 490 520 504
"763" 473 491 524 484 498 490 521 507 528 492 501 510 492 513 518 514 493 508 501 498
"764" 499 498 513 510 501 483 510 470 503 503 484 507 471 475 477 481 507 494 486 481
"765" 470 486 489 516 509 486 497 516 518 499 528 516 527 482 505 483 502 519 547 479
"766" 496 467 511 505 496 487 487 499 502 491 486 513 495 511 530 498 495 475 489 517
"767" 535 514 525 516 525 504 529 492 511 511 488 474 535 517 516 515 487 507 497 494
"768" 495 488 510 499 475 511 503 507 504 492 497 468 499 477 482 528 522 511 516 476
"769" 508 506 502 515 527 494 497 501 517 525 490 500 496 519 510 501 488 492 504 471
"770" 502 501 511 503 473 475 510 507 495 520 458 487 510 509 501 485 496 507 462 506
"771" 482 501 497 489 471 496 502 495 490 491 491 502 525 505 493 486 503 500 516 518
"772" 493 478 498 497 494 496 512 506 455 501 493 503 494 486 504 480 495 490 499 491
"773" 477 524 509 501 506 499 494 519 496 504 500 497 509 534 488 522 500 509 496 499
"774" 509 475 499 488 493 483 508 514 530 487 506 495 502 517 524 498 513 506 516 513
"775" 510 520 495 493 478 484 514 471 508 494 541 483 467 500 502 511 501 480 506 499
"776" 495 504 483 471 510 505 492 511 510 525 461 515 475 499 504 508 500 485 482 513
"777" 511 518 493 490 509 530 487 507 508 500 484 521 507 476 493 516 485 506 497 506
"778" 501 501 502 495 500 502 479 506 492 474 497 469 467 502 507 487 513 501 492 489
"779" 484 479 493 503 513 468 505 526 489 505 476 494 478 504 508 499 512 507 508 506
"780" 474 518 480 496 493 542 496 487 517 475 510 493 468 509 528 501 503 488 508 509
"781" 483 502 490 492 523 520 506 496 493 491 474 496 504 497 520 525 507 494 497 519
"782" 457 512 494 488 516 487 505 522 504 490 493 492 517 478 506 516 510 497 517 497
"783" 474 503 493 497 502 491 504 499 524 507 480 497 519 482 508 513 505 492 509 473
"784" 465 471 507 498 525 501 498 492 479 494 505 512 488 492 497 513 487 500 517 498
"785" 497 508 516 512 512 493 483 499 495 500 514 509 502 498 507 491 487 518 504 506
"786" 498 497 514 527 493 524 515 488 518 478 510 534 494 499 518 498 481 499 507 505
"787" 505 498 510 472 488 507 513 471 505 504 485 466 492 514 515 525 494 507 489 539
"788" 525 492 498 475 522 492 487 487 503 476 502 491 493 474 507 497 502 488 502 507
"789" 497 499 509 505 487 494 525 483 500 490 508 492 486 505 510 490 518 504 480 509
"790" 509 486 520 499 486 464 515 498 495 502 509 511 493 506 502 505 477 510 512 484
"791" 486 484 493 500 497 530 493 492 484 478 505 496 504 511 515 528 530 477 511 504
"792" 491 505 517 505 517 469 518 515 501 503 490 509 491 495 506 466 496 510 497 501
"793" 522 507 507 486 491 504 529 472 498 522 506 508 502 502 505 471 502 478 486 517
"794" 486 508 522 521 480 477 476 502 506 520 476 476 509 508 473 487 542 488 506 513
"795" 486 495 471 487 455 504 520 519 533 499 499 522 511 493 500 495 535 490 501 508
"796" 540 535 505 485 514 491 481 500 492 502 492 489 498 503 514 484 527 513 490 496
"797" 500 495 533 497 485 490 487 524 528 476 485 515 474 488 477 494 515 539 479 486
"798" 489 513 500 511 501 494 462 497 517 504 504 492 495 500 517 498 491 501 506 526
"799" 504 497 498 502 486 476 471 494 504 494 515 510 513 489 507 483 489 478 528 513
"800" 508 477 491 519 473 508 501 512 505 511 481 485 487 490 507 503 495 527 511 516
"801" 500 498 493 490 461 505 473 490 489 489 486 504 494 493 495 507 472 509 471 493
"802" 515 500 482 507 518 540 483 490 508 493 468 514 489 517 493 491 507 466 485 489
"803" 536 497 488 515 540 489 501 508 521 506 520 468 491 521 477 519 514 483 479 494
"804" 506 493 506 514 524 515 471 495 499 490 482 487 494 483 474 499 496 529 511 505
"805" 520 511 529 484 478 477 491 490 490 492 490 499 506 503 492 513 474 484 492 515
"806" 483 504 499 513 514 469 482 496 502 501 513 504 514 525 503 497 499 515 506 522
"807" 497 493 511 513 479 502 484 493 499 495 516 498 482 499 509 469 515 490 475 520
"808" 474 507 492 501 507 488 493 507 520 491 492 486 492 500 493 497 505 508 485 489
"809" 496 509 496 495 509 500 517 466 484 517 500 489 504 496 493 487 504 488 500 494
"810" 522 518 458 514 479 480 465 474 476 475 510 489 495 519 500 499 480 509 510 523
"811" 481 507 498 492 487 490 469 502 492 481 511 496 531 499 502 491 511 492 507 506
"812" 510 488 508 491 483 506 503 514 520 504 514 487 492 494 523 524 493 505 494 457
"813" 495 526 516 517 526 510 489 489 485 515 481 508 497 506 515 513 510 488 504 507
"814" 512 500 505 514 477 502 494 494 493 484 519 511 493 498 514 511 512 503 525 519
"815" 481 491 510 507 497 503 479 506 496 528 481 518 505 504 513 492 492 507 472 525
"816" 515 473 510 483 488 518 485 515 513 501 499 525 506 498 517 502 520 494 495 528
"817" 497 507 509 487 493 478 484 503 488 482 468 484 498 489 516 509 509 506 498 495
"818" 521 480 507 490 497 499 504 470 499 506 489 489 513 496 484 500 474 496 495 504
"819" 510 534 477 510 511 494 530 498 498 485 490 496 498 498 507 514 486 478 505 506
"820" 472 519 495 497 489 509 497 476 518 516 468 484 474 480 489 488 489 521 496 487
"821" 534 498 493 520 506 528 494 528 512 541 520 540 466 489 489 490 509 512 508 491
"822" 524 514 480 522 484 480 496 514 511 492 534 504 486 496 515 514 485 507 502 494
"823" 495 523 531 508 510 507 498 522 510 501 498 491 495 522 503 503 519 541 498 484
"824" 502 481 480 496 498 490 493 517 469 485 517 496 497 498 479 498 523 501 493 489
"825" 512 514 477 508 501 492 499 483 513 485 500 479 506 490 495 505 511 491 482 501
"826" 483 505 501 491 505 492 502 519 500 511 504 491 507 522 494 501 493 524 524 478
"827" 503 484 525 483 496 523 515 511 519 474 490 474 541 498 486 482 513 505 513 488
"828" 486 471 505 502 550 474 487 500 489 496 505 503 490 499 478 457 532 480 490 539
"829" 521 507 510 491 499 488 504 474 530 480 512 505 479 494 468 506 498 503 488 490
"830" 491 479 498 506 511 502 507 501 505 525 519 497 520 506 513 486 517 496 500 505
"831" 510 474 500 493 490 515 514 489 512 503 480 486 501 494 508 499 487 495 518 480
"832" 486 513 482 516 498 487 489 489 488 503 520 505 500 522 519 499 468 504 515 476
"833" 503 515 518 510 484 490 506 495 530 501 525 506 482 519 524 471 470 524 486 503
"834" 486 481 495 463 472 485 491 473 485 508 494 493 484 473 510 497 497 506 500 522
"835" 508 487 515 489 489 477 517 504 495 509 503 489 525 496 491 506 499 499 504 466
"836" 505 469 502 525 504 517 488 509 511 509 503 497 504 526 487 526 512 497 509 498
"837" 494 524 480 487 490 513 478 466 510 503 527 505 525 499 523 510 520 497 517 496
"838" 502 513 515 483 515 480 496 521 506 464 498 473 488 529 512 530 509 494 503 488
"839" 518 503 485 506 514 517 523 493 494 493 497 500 490 487 498 509 504 520 516 514
"840" 493 483 504 512 524 516 502 500 511 513 512 490 508 501 498 485 483 529 483 508
"841" 492 499 505 463 526 506 498 499 510 498 487 476 480 516 502 517 485 507 518 499
"842" 498 489 520 491 504 501 501 506 473 489 507 494 509 525 490 497 492 496 464 459
"843" 472 522 531 519 508 499 505 506 510 474 507 498 490 502 491 502 484 527 480 510
"844" 525 471 517 511 488 482 512 515 506 469 486 494 508 485 519 505 520 510 512 534
"845" 498 507 503 459 515 487 505 484 508 496 481 515 479 501 494 489 513 484 501 489
"846" 518 470 523 511 473 500 481 490 506 488 505 507 500 483 485 478 512 504 487 466
"847" 524 509 496 516 492 471 493 518 501 530 490 504 503 517 523 511 510 497 482 498
"848" 471 491 469 478 517 515 493 490 519 498 529 511 480 498 497 559 515 486 511 537
"849" 492 501 509 514 530 473 497 484 509 501 511 477 494 499 484 514 490 492 500 507
"850" 503 521 503 525 498 488 484 500 496 513 491 511 489 522 505 508 509 478 525 489
"851" 494 537 487 477 529 507 504 484 481 501 513 483 511 506 494 506 470 489 500 495
"852" 516 485 484 481 507 497 498 500 476 488 489 508 484 492 496 504 516 495 493 484
"853" 496 473 486 487 516 511 497 495 530 499 531 483 489 505 504 491 496 506 494 490
"854" 487 497 473 520 507 490 511 509 496 513 513 495 506 473 488 519 500 533 485 506
"855" 494 506 517 482 518 527 528 518 472 473 511 498 499 490 503 513 454 501 504 482
"856" 519 495 489 524 481 488 477 479 493 525 487 513 517 513 481 505 505 493 526 494
"857" 490 493 496 484 514 493 519 493 503 486 500 515 501 492 495 504 495 510 497 515
"858" 504 482 498 493 511 494 518 503 522 470 498 515 532 485 504 503 497 511 483 496
"859" 486 473 522 520 478 517 495 487 500 504 501 487 500 499 526 499 510 495 510 498
"860" 489 509 500 497 503 521 519 534 505 518 518 518 512 507 510 503 510 479 506 478
"861" 514 507 484 499 488 505 497 501 517 509 487 479 548 505 513 524 498 504 493 488
"862" 496 511 515 471 493 483 505 480 487 509 486 525 518 500 518 522 491 516 509 494
"863" 503 503 495 531 510 489 510 492 481 509 536 493 490 514 489 518 512 478 502 505
"864" 468 518 526 494 512 491 481 511 481 491 497 521 509 483 468 502 496 502 502 519
"865" 498 500 523 518 497 505 494 500 499 469 532 470 485 490 491 484 495 498 503 492
"866" 515 517 499 523 519 479 490 503 495 491 489 502 508 477 505 493 466 475 501 485
"867" 504 497 481 507 490 522 504 493 492 486 505 482 512 486 494 488 520 499 514 517
"868" 495 507 494 508 522 510 523 519 534 524 487 500 523 511 513 512 502 495 483 496
"869" 493 498 513 504 512 493 506 494 507 496 486 508 497 492 486 470 502 526 520 509
"870" 512 474 500 492 511 511 481 510 493 498 489 496 507 506 455 508 493 502 478 497
"871" 518 512 527 497 504 515 509 496 498 509 493 506 500 504 502 496 493 512 481 464
"872" 505 492 501 512 483 531 500 476 519 493 505 506 518 543 476 472 521 512 500 510
"873" 510 481 496 521 500 479 502 519 496 534 506 538 485 503 469 483 471 507 494 494
"874" 480 489 490 492 513 531 482 489 509 480 484 475 500 484 511 517 501 484 477 502
"875" 464 490 509 523 520 517 488 507 464 483 489 488 499 490 492 487 486 484 504 501
"876" 498 516 496 522 495 496 499 473 501 525 525 512 486 505 511 496 520 542 523 517
"877" 508 486 510 489 504 462 498 483 488 494 489 501 512 518 500 462 503 473 506 508
"878" 498 485 498 527 497 467 497 497 482 453 510 464 511 516 477 475 501 515 492 495
"879" 512 482 499 481 532 530 511 490 481 489 491 479 522 484 484 501 499 488 507 515
"880" 493 481 507 504 471 505 504 475 492 503 502 500 493 483 514 506 484 507 502 503
"881" 526 489 506 502 498 512 463 531 496 493 497 503 480 508 503 538 483 489 516 528
"882" 505 508 484 515 513 495 509 512 534 479 504 509 508 493 473 514 492 464 489 499
"883" 502 493 504 537 484 471 496 503 498 518 494 519 485 530 498 504 491 470 515 518
"884" 508 490 508 504 479 487 502 527 495 492 499 503 508 497 500 487 472 517 524 507
"885" 493 481 474 502 547 492 467 498 524 497 490 478 496 500 520 511 513 531 506 522
"886" 512 514 506 491 512 506 514 478 511 471 513 484 497 494 481 534 497 534 498 490
"887" 475 486 506 483 489 510 502 536 515 497 519 449 506 490 499 498 498 469 503 503
"888" 491 498 480 485 498 499 509 480 454 490 485 517 471 485 524 511 494 496 491 511
"889" 526 526 501 497 518 479 510 512 519 467 494 511 514 499 505 493 495 492 503 485
"890" 517 527 481 512 499 505 486 516 491 501 509 450 528 502 496 511 500 519 497 503
"891" 508 487 498 506 521 512 490 485 486 481 479 521 493 484 506 457 481 470 479 523
"892" 492 524 470 520 519 490 495 515 478 511 519 509 509 481 497 521 514 494 486 474
"893" 458 499 519 516 475 513 504 520 510 489 509 512 503 487 489 463 512 518 510 489
"894" 477 521 512 497 490 503 509 505 500 489 508 476 505 491 480 500 490 512 475 505
"895" 494 484 489 473 472 524 502 497 499 489 475 535 519 495 517 507 512 515 516 488
"896" 501 535 488 507 518 474 478 513 487 514 505 484 484 513 480 520 505 498 505 503
"897" 489 515 487 475 475 492 515 514 511 491 495 491 497 527 516 459 501 487 489 523
"898" 514 496 482 487 485 480 514 469 489 521 504 521 508 495 505 469 497 532 508 531
"899" 500 469 501 511 524 506 491 509 511 484 510 502 523 477 539 490 476 485 494 512
"900" 497 507 501 493 504 492 491 492 498 503 510 502 492 494 485 515 509 492 502 502
"901" 512 512 501 516 526 479 489 511 520 513 494 495 482 492 491 495 517 512 502 487
"902" 521 485 505 472 488 505 510 513 500 522 493 492 493 503 503 505 486 525 489 510
"903" 497 525 510 465 476 485 518 498 510 490 535 498 484 523 504 491 508 501 500 520
"904" 517 504 488 485 511 497 499 495 486 526 504 518 509 478 514 500 531 516 492 501
"905" 501 532 506 520 503 515 518 480 496 516 521 469 488 501 509 474 505 482 512 501
"906" 494 461 529 505 481 507 493 491 488 478 488 515 501 502 473 486 532 516 482 479
"907" 489 499 507 482 494 520 498 509 508 474 505 514 476 482 488 485 525 500 482 518
"908" 525 482 520 497 462 503 514 502 511 509 472 506 529 502 507 523 508 507 484 516
"909" 470 504 506 513 484 503 522 480 466 520 490 521 525 509 487 466 492 510 501 492
"910" 514 487 523 500 514 509 502 475 505 528 470 478 493 517 482 531 485 519 502 492
"911" 499 512 505 491 510 487 505 464 488 465 488 516 507 508 505 501 481 480 485 503
"912" 486 497 510 525 509 468 502 475 476 525 498 507 514 502 503 509 496 508 499 529
"913" 517 504 492 496 500 489 493 494 507 519 508 496 501 502 514 495 505 483 480 501
"914" 479 539 493 513 511 496 500 502 516 510 492 524 499 480 486 485 490 530 513 500
"915" 495 485 505 506 513 498 506 496 539 496 485 514 534 482 498 497 490 478 502 488
"916" 489 518 497 509 518 521 509 495 500 497 495 518 523 499 505 519 489 500 471 473
"917" 515 492 488 495 512 490 488 490 513 507 495 484 506 515 503 483 521 484 513 485
"918" 511 497 523 502 511 498 492 512 498 520 503 501 487 492 490 514 523 486 487 480
"919" 471 506 493 497 482 495 494 495 493 489 499 498 508 484 504 490 501 517 485 512
"920" 502 503 503 506 496 498 480 517 516 474 476 534 493 507 496 511 517 490 480 495
"921" 497 496 502 478 502 513 503 493 499 505 511 509 508 479 517 512 486 479 503 506
"922" 484 495 524 510 494 529 484 535 500 513 510 504 512 528 508 515 500 507 493 508
"923" 482 519 501 479 517 481 491 491 474 482 494 509 502 490 509 499 492 499 495 515
"924" 502 482 519 479 515 524 495 484 495 508 478 477 514 481 510 506 474 517 525 490
"925" 533 499 476 521 481 487 510 503 490 484 507 496 498 510 498 507 511 492 505 485
"926" 498 474 530 493 489 491 491 520 500 514 510 510 505 490 512 472 477 527 534 517
"927" 489 495 510 485 491 535 494 518 505 481 503 504 493 501 474 528 523 499 462 483
"928" 486 497 496 511 517 506 499 494 507 500 493 512 505 486 510 491 512 501 475 488
"929" 533 519 474 521 517 491 495 510 494 515 503 497 479 492 511 545 508 505 506 460
"930" 503 493 464 488 494 516 503 509 499 515 503 502 496 503 497 501 505 525 509 503
"931" 517 510 535 509 465 492 504 488 476 482 497 523 504 501 496 494 502 516 481 492
"932" 515 510 498 502 492 501 494 508 513 490 514 498 482 502 496 504 508 487 498 502
"933" 502 512 517 498 507 486 491 513 525 499 517 474 472 515 491 484 493 488 509 492
"934" 489 472 512 518 483 502 492 486 531 465 494 541 526 505 505 501 502 514 476 518
"935" 507 507 489 494 524 485 466 505 480 496 488 501 482 505 529 505 499 496 490 480
"936" 481 495 509 505 498 502 501 515 477 493 511 512 474 505 504 496 510 509 481 519
"937" 498 490 519 528 506 518 488 495 501 483 475 484 505 519 507 503 488 514 500 508
"938" 493 510 511 500 511 505 524 488 508 510 487 503 509 518 512 503 488 513 484 488
"939" 513 476 505 478 488 489 481 474 507 481 495 498 513 487 494 511 489 508 481 533
"940" 494 485 493 481 500 520 489 487 506 496 506 507 514 506 489 469 518 504 505 488
"941" 517 491 507 512 491 515 484 477 490 492 488 504 479 504 500 486 483 534 491 517
"942" 478 488 496 509 519 500 481 505 511 485 492 496 538 490 499 490 496 506 480 517
"943" 509 502 507 500 512 492 506 481 498 498 502 511 513 505 492 517 526 491 514 509
"944" 483 524 510 489 476 518 492 517 493 519 472 478 497 491 516 488 509 488 519 504
"945" 496 533 512 492 498 538 498 497 498 489 505 486 516 524 486 489 491 504 519 497
"946" 498 512 484 473 520 485 508 493 510 504 518 500 506 489 500 495 514 515 484 476
"947" 482 492 502 517 489 488 487 509 523 527 488 510 493 503 465 497 490 512 494 486
"948" 468 498 483 487 515 535 477 481 503 498 498 477 516 469 504 520 510 519 472 477
"949" 497 533 485 472 483 511 520 495 471 500 533 522 515 472 513 518 513 496 505 493
"950" 479 502 490 495 496 493 475 512 486 482 470 484 462 488 509 496 505 499 485 499
"951" 515 489 502 499 524 493 495 486 494 464 493 505 499 486 501 512 509 488 484 512
"952" 510 503 502 494 473 491 490 496 491 496 508 480 503 482 500 493 495 486 487 497
"953" 497 480 492 509 479 494 508 470 522 502 506 531 494 506 514 521 495 510 524 508
"954" 507 502 502 475 489 532 497 486 520 504 479 476 492 504 474 493 534 505 513 519
"955" 514 476 516 493 500 520 500 489 513 507 507 504 481 511 509 497 491 525 532 476
"956" 523 464 525 491 502 500 512 499 506 474 530 503 499 486 493 487 511 501 500 500
"957" 489 497 484 494 496 518 501 505 501 501 491 536 488 492 517 523 468 512 501 514
"958" 491 500 496 533 567 476 485 503 499 503 525 467 510 508 496 496 504 509 486 487
"959" 500 525 502 474 490 498 519 492 524 510 491 515 495 511 487 507 507 511 492 522
"960" 526 506 498 518 522 482 506 513 485 495 500 517 486 507 514 492 469 505 495 512
"961" 494 476 488 472 500 471 507 509 506 500 477 545 531 510 512 521 497 500 488 518
"962" 503 490 500 486 514 517 498 492 499 504 507 467 510 492 499 492 495 523 489 505
"963" 537 503 539 492 469 510 484 501 500 504 488 481 488 488 506 500 487 496 504 499
"964" 479 511 491 517 488 506 506 503 482 481 496 508 496 500 485 529 490 539 492 504
"965" 517 466 479 484 501 489 510 536 492 507 522 491 491 515 491 496 489 476 513 464
"966" 473 531 503 490 543 524 491 502 496 493 471 499 513 478 505 488 505 514 514 492
"967" 494 503 489 508 457 484 485 518 496 515 495 507 523 489 508 501 515 497 495 486
"968" 498 522 499 517 491 522 473 496 492 495 507 477 510 488 502 494 503 496 495 523
"969" 499 501 520 485 491 490 517 473 502 495 496 480 482 476 506 470 479 519 507 502
"970" 520 490 495 486 490 526 502 496 492 530 474 477 487 483 496 521 496 504 485 495
"971" 490 500 518 488 499 531 516 487 482 492 490 484 494 475 469 493 507 521 474 489
"972" 510 498 537 499 484 514 507 469 517 478 472 491 495 495 481 481 474 503 486 509
"973" 486 498 506 485 487 512 496 499 488 518 497 537 519 501 497 480 497 505 493 509
"974" 509 477 494 498 504 485 496 492 479 523 515 504 460 509 520 472 488 509 478 477
"975" 506 498 496 510 508 505 518 506 494 472 450 514 509 508 488 505 509 523 507 496
"976" 507 514 512 498 473 478 500 492 507 499 495 503 498 501 508 496 498 491 503 484
"977" 496 507 479 489 512 516 495 500 458 512 496 508 512 459 474 507 481 507 501 505
"978" 539 494 517 495 508 506 519 526 511 477 491 535 511 516 499 518 503 501 523 520
"979" 489 493 505 499 443 517 511 503 490 498 503 493 487 509 509 489 515 500 514 482
"980" 504 475 487 515 510 503 488 490 494 482 517 508 483 532 527 491 493 498 480 502
"981" 510 511 505 511 490 513 487 504 486 499 497 494 508 488 495 512 495 493 510 500
"982" 513 475 507 490 522 487 497 487 513 480 522 486 494 487 523 479 512 523 487 518
"983" 507 509 500 505 496 496 501 528 490 505 466 491 473 507 526 537 480 506 514 484
"984" 509 468 529 510 488 495 491 507 494 494 511 487 493 519 504 513 509 509 496 501
"985" 521 500 521 476 487 515 507 514 516 515 490 495 514 485 525 509 505 500 486 502
"986" 489 503 529 498 502 498 535 478 507 498 491 524 482 470 506 514 530 500 505 501
"987" 515 474 497 493 488 488 474 483 485 517 510 483 494 510 487 519 525 485 497 511
"988" 494 507 502 521 486 507 502 503 505 505 487 508 486 501 545 493 474 515 488 518
"989" 494 488 529 517 516 466 501 499 486 506 506 484 485 511 519 497 523 525 487 507
"990" 494 539 515 484 532 494 503 500 525 482 536 503 545 497 486 499 509 498 507 475
"991" 493 504 491 533 499 517 509 517 520 491 492 501 526 506 481 497 501 502 499 498
"992" 507 495 503 472 519 511 497 491 538 509 488 493 480 507 511 517 480 481 492 498
"993" 488 498 502 507 525 489 495 486 512 483 519 472 485 501 518 512 484 494 515 490
"994" 500 496 498 482 492 501 508 479 499 492 531 508 491 482 514 475 496 510 510 503
"995" 490 508 504 487 493 506 497 497 519 500 522 507 483 500 493 492 517 488 489 489
"996" 478 493 517 504 498 520 519 514 520 508 527 519 506 501 513 487 510 504 478 498
"997" 505 488 496 502 514 513 513 506 504 497 523 494 500 504 518 488 522 500 524 513
"998" 498 527 484 530 495 466 497 495 508 518 475 531 490 523 498 499 518 518 496 480
"999" 488 497 484 457 475 493 496 493 501 487 505 521 516 517 483 481 507 495 487 518
"1000" 510 507 491 507 527 519 512 501 479 494 501 518 519 515 498 474 499 464 503 490
