"1" "2" "3" "4" "5" "6" "7" "8" "9" "10" "11" "12" "13" "14" "15" "16" "17" "18" "19" "20"
"1" 514 511 505 507 499 491 525 493 501 484 494 508 474 484 517 498 513 503 506 500
"2" 522 497 488 508 498 494 495 508 499 529 501 513 503 491 504 505 509 497 511 475
"3" 506 508 502 491 501 487 494 483 505 467 524 504 499 511 512 480 484 554 523 494
"4" 495 520 505 498 484 484 522 509 498 512 497 507 528 490 490 521 530 496 474 509
"5" 497 491 517 483 546 505 508 481 501 503 506 504 493 486 523 530 497 466 512 503
"6" 529 488 501 496 487 491 515 506 483 511 517 510 471 484 491 494 507 536 508 517
"7" 486 512 519 495 481 477 510 526 514 523 546 538 506 524 489 489 500 497 501 486
"8" 498 512 507 498 504 499 492 491 498 509 502 490 512 500 496 497 480 470 506 494
"9" 491 478 499 515 523 504 488 507 465 495 478 521 471 497 515 508 506 512 487 523
"10" 467 502 516 505 508 485 493 491 503 494 509 507 510 487 494 526 496 514 517 500
"11" 495 469 500 506 513 519 521 489 485 511 498 511 484 492 507 494 500 498 526 510
"12" 514 500 495 516 511 502 525 492 481 480 491 497 529 470 513 498 505 519 466 518
"13" 520 495 532 495 489 489 492 498 491 522 498 496 505 498 504 515 488 491 510 494
"14" 513 514 522 497 502 471 511 479 494 482 505 490 517 483 511 478 493 508 502 502
"15" 504 477 502 487 476 487 510 518 503 496 474 517 491 495 511 515 505 476 477 498
"16" 527 497 504 499 502 514 489 502 513 508 497 486 524 492 504 512 512 491 478 516
"17" 486 490 513 499 511 511 496 500 506 533 483 524 499 507 517 489 503 488 525 527
"18" 491 516 472 503 510 501 510 527 498 482 548 502 491 509 501 484 494 506 502 508
"19" 512 456 495 515 505 513 504 503 485 484 474 481 501 478 507 520 491 462 470 529
"20" 502 463 481 507 508 508 484 504 494 523 519 508 494 479 500 520 511 505 503 504
"21" 514 509 522 500 490 509 496 499 490 495 491 504 512 489 529 507 518 491 524 508
"22" 534 496 500 514 502 495 506 505 483 520 495 522 490 509 489 492 492 503 495 518
"23" 478 517 516 498 501 498 497 512 522 497 481 511 483 495 480 498 475 482 517 494
"24" 510 462 512 488 481 470 492 511 492 507 471 490 492 522 477 493 494 483 480 520
"25" 496 502 507 491 491 488 492 515 505 528 490 491 487 477 477 486 492 472 517 507
"26" 497 504 514 502 509 500 506 503 498 498 489 498 504 506 486 500 481 521 515 482
"27" 525 467 501 512 486 483 504 516 509 499 522 499 498 515 505 515 508 490 489 489
"28" 524 511 494 533 475 503 486 494 502 490 502 507 493 468 487 458 486 495 513 488
"29" 518 477 508 505 507 482 479 497 471 490 515 510 507 520 518 503 511 496 505 475
"30" 485 477 516 503 494 467 497 495 490 503 502 519 516 482 504 498 509 508 503 483
"31" 480 512 495 499 471 493 474 517 500 506 485 499 530 509 452 514 510 500 494 496
"32" 506 519 483 498 510 500 517 504 511 487 514 485 498 513 519 498 513 486 501 489
"33" 478 464 494 495 479 500 540 500 498 522 485 507 488 528 498 516 506 522 507 492
"34" 473 504 479 484 507 490 498 505 492 498 530 497 495 496 515 494 524 483 516 477
"35" 505 527 499 514 504 527 493 486 507 502 518 516 510 522 497 482 518 501 482 491
"36" 531 501 471 524 470 505 512 521 491 489 525 522 504 508 517 519 500 499 482 470
"37" 518 498 523 503 516 505 497 501 487 505 525 522 506 479 502 522 487 487 501 473
"38" 502 502 494 496 483 480 492 522 481 508 471 486 507 493 513 470 507 505 527 488
"39" 474 499 476 496 516 493 509 513 499 501 517 510 489 488 493 510 486 493 493 496
"40" 476 515 473 468 504 531 485 495 477 509 531 520 510 474 473 501 520 486 505 507
"41" 481 496 523 527 503 538 532 494 499 503 506 506 514 505 528 506 509 484 490 488
"42" 478 506 494 489 494 488 537 533 516 509 498 502 502 481 488 503 518 484 483 515
"43" 515 467 512 498 505 503 481 494 517 493 495 499 492 476 491 494 504 500 489 530
"44" 524 484 500 495 528 511 515 505 488 501 452 513 494 485 511 522 479 540 485 520
"45" 504 510 506 507 508 494 502 505 499 504 496 515 523 501 504 489 483 490 510 471
"46" 522 508 505 489 507 515 488 527 525 493 508 498 461 529 498 513 512 522 526 497
"47" 513 454 514 515 509 469 480 494 468 486 495 509 500 503 475 491 487 523 506 510
"48" 508 521 522 484 463 501 494 503 508 493 519 514 515 489 508 523 504 494 482 482
"49" 503 482 508 467 463 481 507 479 483 498 495 502 472 506 499 499 503 473 515 502
"50" 498 482 510 520 506 497 494 465 488 491 519 495 479 502 497 489 483 527 481 508
"51" 497 488 492 490 476 534 498 509 521 486 482 507 482 511 481 510 485 481 501 506
"52" 501 526 486 502 490 484 510 521 501 527 477 475 485 512 483 520 528 499 516 522
"53" 509 512 498 510 495 499 510 497 515 513 489 521 501 493 521 506 513 506 486 501
"54" 490 481 478 499 475 474 495 500 486 519 493 498 485 504 500 494 516 514 511 495
"55" 483 515 523 506 478 479 473 477 509 490 518 489 487 507 495 516 518 491 470 502
"56" 465 492 499 461 478 476 473 547 495 511 502 524 512 518 504 502 495 496 505 493
"57" 504 493 503 497 506 484 513 464 510 505 497 478 514 488 499 512 495 505 498 517
"58" 499 488 514 516 475 511 468 513 483 513 491 494 515 507 480 438 475 469 525 477
"59" 518 500 489 497 488 482 506 503 511 489 497 521 459 514 493 496 515 508 513 504
"60" 493 510 510 515 476 506 516 511 529 503 490 494 491 491 516 495 505 528 512 518
"61" 498 520 481 487 487 487 498 461 498 512 487 486 513 481 500 492 519 512 492 513
"62" 473 480 499 531 524 488 502 515 495 496 503 511 523 520 491 505 512 512 500 510
"63" 512 518 478 489 483 490 498 496 523 480 532 475 507 483 495 488 483 503 481 497
"64" 486 479 506 527 510 499 483 513 460 486 494 495 482 499 506 496 498 516 495 500
"65" 508 507 486 506 487 498 509 497 498 514 531 500 500 486 484 506 496 507 526 503
"66" 500 508 523 470 488 505 514 458 483 496 497 516 529 469 490 507 501 464 518 510
"67" 475 510 509 479 501 521 508 487 496 469 480 491 497 506 516 490 509 476 503 508
"68" 513 494 498 492 504 460 502 502 502 486 514 497 481 489 480 512 492 498 482 485
"69" 494 498 517 502 510 507 512 485 521 476 508 494 506 487 474 476 488 529 504 491
"70" 490 501 527 491 500 517 489 489 511 485 519 485 474 511 514 514 484 483 519 491
"71" 499 497 502 495 493 528 509 512 491 504 518 494 506 529 490 493 490 476 491 522
"72" 514 520 500 525 488 522 509 537 507 505 490 502 495 477 506 514 477 491 476 481
"73" 518 496 493 503 486 490 499 518 502 468 495 493 508 479 506 515 514 496 483 513
"74" 503 504 513 529 498 480 525 506 490 514 504 462 498 491 536 503 491 509 481 486
"75" 495 481 507 496 496 516 498 493 502 486 463 492 495 534 480 480 516 514 503 484
"76" 505 499 493 481 496 460 488 493 486 514 470 514 524 482 515 481 506 473 506 506
"77" 506 509 470 496 511 493 466 512 499 481 493 508 509 457 518 488 497 526 498 512
"78" 509 471 516 489 490 505 510 512 509 470 506 498 520 507 494 509 510 515 505 527
"79" 495 495 450 478 485 520 500 509 498 483 491 506 507 506 506 491 494 505 503 499
"80" 494 510 518 492 479 511 475 491 500 494 483 472 534 517 503 502 501 492 511 477
"81" 489 498 502 505 512 499 513 528 505 498 488 510 513 519 490 507 476 479 468 510
"82" 528 494 478 503 538 478 491 509 485 494 512 493 492 505 514 525 478 500 512 528
"83" 478 498 516 512 517 502 480 509 493 520 523 489 500 512 531 511 477 494 512 486
"84" 517 504 528 506 479 501 496 516 503 498 523 499 517 506 475 487 510 510 511 495
"85" 499 513 488 503 503 535 495 491 503 531 531 491 508 521 509 489 501 509 500 474
"86" 498 491 511 486 508 479 489 492 504 479 530 489 505 493 505 523 510 513 499 517
"87" 502 480 505 497 512 495 511 508 503 514 520 485 482 493 489 484 504 494 503 477
"88" 511 488 505 492 512 501 496 473 497 455 496 476 488 513 496 498 508 503 491 516
"89" 479 530 498 500 507 498 486 511 488 489 517 471 510 485 528 496 506 499 488 496
"90" 505 486 504 518 467 504 527 506 503 490 502 483 503 457 482 492 494 489 470 505
"91" 483 497 530 492 502 504 481 500 498 485 487 519 530 489 479 485 490 483 496 506
"92" 487 501 489 506 485 507 517 510 454 479 507 489 489 494 511 505 497 501 518 524
"93" 520 489 525 488 521 488 484 509 495 518 491 507 525 515 514 497 530 523 493 480
"94" 496 512 504 515 457 486 502 526 470 483 508 489 510 518 523 474 487 535 515 502
"95" 481 507 515 507 475 510 483 514 484 476 510 483 515 492 521 493 511 522 516 488
"96" 505 489 515 516 472 513 508 507 489 490 498 530 524 496 468 514 538 503 502 488
"97" 500 498 497 525 491 498 493 500 526 504 510 477 489 518 509 504 465 494 490 508
"98" 503 503 500 515 508 476 491 502 521 519 497 501 487 510 504 495 512 483 515 502
"99" 497 490 492 475 465 502 497 532 516 500 496 517 488 507 505 460 484 514 491 510
"100" 489 502 494 491 509 495 498 515 518 517 503 481 499 502 498 510 497 469 486 497
"101" 490 506 504 480 510 493 499 519 546 490 498 477 506 515 489 520 506 466 500 508
"102" 492 490 489 477 497 467 476 504 482 505 499 511 481 497 492 490 513 511 489 481
"103" 533 513 508 488 498 505 492 509 476 474 475 476 488 507 503 504 498 500 551 491
"104" 523 492 500 493 496 489 504 504 481 521 507 501 502 491 475 506 522 516 505 498
"105" 466 501 506 518 517 472 507 492 498 513 486 504 479 484 506 458 527 483 491 514
"106" 495 501 508 489 497 475 464 501 510 518 490 517 488 491 524 516 507 496 487 497
"107" 499 534 529 499 482 501 530 503 502 514 502 496 504 483 498 505 518 468 490 490
"108" 481 485 512 486 521 483 508 502 498 520 499 504 501 500 508 518 504 501 476 501
"109" 506 526 496 500 505 494 472 505 516 499 521 485 508 510 474 502 497 504 486 519
"110" 492 473 514 495 497 504 500 491 473 495 498 502 511 519 516 475 517 508 491 481
"111" 494 487 509 483 497 510 520 496 508 543 476 489 503 526 480 483 506 486 502 496
"112" 532 493 513 489 487 519 488 508 507 485 504 494 518 498 533 496 517 491 510 517
"113" 506 504 498 521 504 509 487 511 501 522 521 490 526 498 503 503 493 516 497 513
"114" 518 505 521 490 486 502 507 504 490 482 471 505 471 509 505 518 497 490 497 466
"115" 504 519 491 495 513 522 508 490 520 503 489 515 511 502 497 482 516 506 497 508
"116" 503 504 483 503 512 519 487 469 484 485 494 492 533 511 506 503 500 496 501 505
"117" 469 501 496 525 505 487 519 500 499 522 485 512 496 511 506 503 500 484 518 525
"118" 501 494 499 525 495 504 523 494 509 485 526 483 499 508 489 478 524 505 504 473
"119" 498 479 482 507 527 500 490 504 521 491 519 503 480 504 490 499 486 510 531 488
"120" 501 486 500 510 485 518 473 503 499 500 513 519 522 497 485 502 508 510 510 493
"121" 506 472 501 518 490 484 474 492 512 495 482 506 474 480 531 484 491 508 505 507
"122" 508 478 533 485 501 505 481 505 516 483 510 478 523 486 500 517 510 478 486 509
"123" 510 513 512 497 496 459 522 504 485 490 521 492 514 521 485 488 467 477 502 509
"124" 506 523 487 508 490 500 506 509 523 517 512 493 486 533 498 509 490 485 492 499
"125" 490 492 484 489 516 490 503 486 515 516 509 489 513 540 516 504 478 507 483 467
"126" 498 489 488 505 485 517 540 503 508 520 510 525 531 497 551 510 492 523 519 492
"127" 492 495 513 515 484 479 504 510 506 505 518 484 502 519 461 481 495 534 477 482
"128" 511 517 522 484 495 476 516 492 507 492 506 520 474 500 466 510 490 475 507 488
"129" 494 498 509 504 502 487 480 484 490 470 489 518 486 507 505 500 512 491 505 504
"130" 522 481 486 519 503 503 501 505 522 494 479 484 506 489 508 502 507 517 496 505
"131" 498 509 505 495 524 503 500 540 482 514 510 509 485 492 510 493 489 506 482 495
"132" 493 486 506 473 516 502 501 492 475 472 519 505 492 493 520 516 511 481 502 484
"133" 477 509 528 482 503 517 484 481 492 498 494 506 482 486 511 496 496 493 520 490
"134" 488 517 483 493 498 506 493 524 483 490 474 504 517 504 498 479 523 512 499 498
"135" 494 487 498 503 502 502 516 475 509 500 479 500 527 506 505 501 502 494 504 493
"136" 485 509 516 502 484 476 469 469 497 492 504 502 516 518 475 507 514 476 494 485
"137" 517 499 495 441 494 488 503 533 525 515 496 505 497 496 505 525 505 495 514 506
"138" 515 468 500 520 494 503 500 497 500 494 491 510 493 490 469 537 494 510 492 498
"139" 494 505 512 487 472 500 489 484 503 480 500 491 490 483 492 494 526 510 504 497
"140" 468 517 497 522 495 505 476 498 504 496 505 489 516 480 504 487 504 500 505 518
"141" 513 499 460 482 509 507 512 529 511 499 515 521 512 496 506 501 489 513 481 466
"142" 459 494 513 529 475 503 512 501 508 512 465 494 504 496 489 503 485 496 517 502
"143" 493 505 487 513 488 492 500 483 477 508 527 526 498 535 503 488 491 496 495 478
"144" 516 486 502 467 525 482 497 506 481 492 498 503 487 486 510 494 478 498 487 500
"145" 492 495 524 511 504 529 497 498 499 495 511 488 506 492 506 499 517 505 510 485
"146" 483 511 521 507 492 467 482 500 483 522 509 506 476 490 474 483 470 481 511 502
"147" 508 509 500 503 505 521 446 498 491 485 497 511 497 511 494 487 513 504 515 505
"148" 504 525 510 512 477 511 498 482 487 491 501 498 533 487 518 498 499 513 508 519
"149" 476 497 482 494 468 497 493 500 510 490 514 488 519 482 511 519 507 514 513 506
"150" 495 518 493 496 519 490 495 472 498 522 529 497 509 480 498 498 480 471 504 521
"151" 516 483 512 495 513 530 511 486 488 485 483 491 498 513 516 504 537 522 494 499
"152" 465 502 494 506 519 510 485 502 498 500 490 479 510 484 521 488 480 481 484 491
"153" 475 493 499 532 497 499 509 489 496 496 499 505 502 486 514 516 500 477 517 490
"154" 497 496 494 510 511 494 498 506 470 497 501 519 493 483 524 486 508 488 509 501
"155" 490 508 492 489 515 491 514 487 493 503 515 491 487 506 506 485 509 522 543 495
"156" 494 507 498 488 491 497 517 519 530 504 515 496 518 501 522 511 499 484 527 474
"157" 493 508 469 493 497 509 507 522 498 520 488 510 515 507 502 495 480 517 499 528
"158" 497 487 496 497 513 521 501 502 515 505 480 510 474 502 490 495 493 476 518 521
"159" 519 517 520 469 514 496 497 485 485 502 505 529 497 499 509 486 479 501 513 535
"160" 478 462 487 494 506 493 501 520 508 487 501 511 513 503 500 488 502 492 496 513
"161" 511 503 485 494 491 514 525 487 504 481 508 481 511 499 482 502 500 506 509 488
"162" 519 479 497 499 486 487 479 501 499 511 486 501 462 496 491 541 509 479 508 477
"163" 499 495 493 516 476 483 488 516 484 472 511 499 512 527 504 505 488 519 482 525
"164" 525 478 470 495 500 485 475 509 495 514 492 502 515 488 485 489 514 522 502 515
"165" 498 516 521 487 475 495 500 493 506 506 511 492 518 486 496 469 501 472 493 500
"166" 480 513 513 489 492 496 490 488 480 462 527 518 508 506 480 502 516 509 509 514
"167" 512 517 516 536 490 523 494 513 502 493 501 495 517 496 494 530 477 526 514 504
"168" 522 495 504 484 510 492 508 513 526 476 496 477 498 502 498 511 533 498 508 503
"169" 506 505 485 489 523 519 505 512 511 517 505 483 490 496 480 488 487 508 490 491
"170" 500 486 500 502 505 495 482 491 494 499 490 471 485 493 522 507 510 491 506 486
"171" 486 490 475 514 487 487 508 477 516 471 501 530 490 512 514 519 505 511 502 507
"172" 512 501 520 495 512 496 496 485 489 484 500 487 503 496 512 517 501 507 482 509
"173" 500 506 521 506 490 498 489 501 504 482 491 510 505 515 517 521 511 488 493 494
"174" 499 476 506 513 478 516 491 483 490 512 493 490 513 477 517 497 488 478 491 489
"175" 470 526 494 493 525 500 507 487 503 481 483 503 490 509 491 476 472 461 478 499
"176" 490 507 480 505 498 492 476 499 485 509 501 519 498 485 499 494 502 487 495 492
"177" 499 493 483 499 482 511 475 511 503 505 519 520 494 498 496 483 508 501 505 510
"178" 488 473 496 490 510 466 503 478 493 518 519 492 504 522 502 485 492 514 486 479
"179" 519 501 492 488 519 512 523 498 517 517 483 480 487 487 521 497 488 501 525 500
"180" 491 498 517 487 515 503 512 490 491 499 501 513 532 465 503 483 493 488 506 526
"181" 520 503 502 504 507 500 490 505 502 500 501 481 498 493 517 495 505 508 492 509
"182" 511 497 490 510 448 461 501 499 498 529 497 490 487 513 515 493 487 503 522 479
"183" 499 519 500 494 508 505 504 500 494 522 499 509 483 526 520 513 509 504 482 510
"184" 510 497 493 502 502 507 497 510 528 512 489 520 512 491 498 523 467 507 456 483
"185" 510 496 496 492 531 502 485 523 501 489 491 510 505 505 513 490 500 477 503 495
"186" 526 500 492 490 488 492 508 496 485 500 515 497 514 476 510 487 470 482 510 517
"187" 500 498 484 464 508 474 509 493 498 494 512 530 503 483 488 491 529 497 528 502
"188" 518 495 492 492 514 499 476 496 489 520 498 505 484 490 507 469 508 500 482 531
"189" 513 512 486 487 523 509 488 495 486 506 509 496 516 507 488 490 494 495 486 513
"190" 493 511 496 481 518 517 520 510 522 515 507 487 508 480 488 501 490 513 486 514
"191" 515 506 502 489 487 508 493 486 514 521 488 519 471 496 468 492 515 521 480 504
"192" 475 511 512 492 484 468 524 489 483 488 507 509 475 470 484 476 515 486 501 525
"193" 521 504 496 521 508 502 529 494 510 510 499 503 509 493 525 489 481 522 489 494
"194" 498 517 520 501 525 457 510 515 506 529 507 490 509 527 512 490 484 498 486 487
"195" 502 479 505 502 510 505 516 511 503 486 523 503 505 457 488 481 513 491 552 466
"196" 497 499 504 490 529 507 490 529 516 472 477 504 479 510 491 500 491 511 499 503
"197" 505 515 502 493 500 499 515 478 489 513 493 492 520 511 489 518 506 495 504 467
"198" 500 507 512 502 473 493 487 507 487 515 478 504 528 476 511 500 514 493 496 520
"199" 509 508 498 500 512 501 487 500 488 537 478 522 493 535 544 478 483 499 488 497
"200" 526 496 527 479 532 505 505 520 477 497 488 497 506 489 501 518 492 478 495 510
"201" 488 494 476 506 512 532 507 494 484 503 522 479 508 512 510 499 493 491 473 500
"202" 496 480 494 483 515 504 496 482 482 506 498 518 481 507 473 492 515 503 520 496
"203" 517 506 495 495 497 509 488 531 510 488 505 509 479 482 519 479 502 516 515 511
"204" 526 506 509 490 495 492 477 474 472 501 517 513 507 485 498 485 493 515 512 519
"205" 483 476 488 496 493 511 514 505 525 495 496 523 487 486 483 471 512 505 508 507
"206" 508 518 519 480 495 495 477 488 511 533 497 490 482 496 491 507 499 488 485 497
"207" 534 502 518 513 502 503 508 490 494 485 498 504 486 494 506 490 535 511 507 515
"208" 511 509 486 505 505 500 496 482 489 490 480 499 472 489 514 509 488 509 491 493
"209" 511 505 501 501 477 505 503 500 493 483 495 486 515 479 493 495 493 501 498 481
"210" 508 510 516 499 522 478 510 482 512 495 500 499 512 510 540 474 527 483 490 486
"211" 512 513 497 527 476 520 499 501 502 520 537 503 494 512 515 507 513 499 494 523
"212" 513 509 482 484 527 514 497 524 518 512 495 484 499 516 498 489 480 489 505 492
"213" 514 502 505 523 493 511 505 514 488 498 511 500 507 495 489 480 484 499 505 489
"214" 500 521 505 494 510 491 487 519 503 469 496 467 518 493 505 496 521 540 503 493
"215" 524 470 520 529 466 496 497 505 514 522 514 498 522 483 495 516 519 498 503 500
"216" 503 484 498 496 487 481 500 523 484 485 518 506 518 496 487 493 522 472 498 492
"217" 495 481 526 510 480 508 526 495 506 504 454 521 492 527 509 491 521 457 511 498
"218" 494 503 483 510 499 511 490 503 512 512 496 514 477 508 473 517 516 495 502 489
"219" 500 506 535 471 475 498 509 485 482 513 511 494 508 509 481 491 487 511 499 495
"220" 504 473 491 474 477 503 522 493 488 497 495 502 491 471 478 516 517 502 514 509
"221" 469 510 515 508 518 494 471 496 523 484 529 488 498 503 529 464 486 506 547 513
"222" 525 513 502 485 508 474 532 524 519 499 517 508 486 494 524 496 504 523 526 504
"223" 509 482 516 492 501 492 533 525 486 495 497 492 489 480 510 489 499 502 507 513
"224" 478 497 512 515 475 544 520 498 501 464 533 486 490 508 478 506 516 516 487 491
"225" 494 457 506 488 469 479 519 488 488 504 503 524 485 478 491 500 499 476 511 504
"226" 497 515 512 492 501 529 514 473 494 492 487 477 509 474 477 476 495 495 511 520
"227" 509 494 502 519 509 490 507 495 501 498 495 507 501 523 528 502 514 509 517 508
"228" 525 470 505 520 515 488 515 510 524 504 528 507 488 482 496 517 530 478 461 512
"229" 505 501 518 487 489 497 508 477 506 488 504 509 506 502 480 519 483 485 514 510
"230" 509 491 522 493 470 519 510 490 493 510 493 490 505 514 518 513 476 496 474 515
"231" 526 508 498 495 483 507 486 475 506 502 498 478 509 493 504 478 488 486 517 521
"232" 505 479 507 502 472 490 512 523 534 499 489 495 497 503 485 497 508 504 502 464
"233" 485 514 477 505 512 495 488 463 518 524 480 520 493 489 500 465 533 521 497 479
"234" 479 508 484 489 500 503 496 513 495 491 501 526 534 511 491 477 458 484 519 493
"235" 506 485 516 526 503 519 497 500 497 503 494 478 494 466 493 523 498 476 521 496
"236" 482 490 473 516 481 521 488 494 494 485 519 484 470 513 490 511 505 485 509 498
"237" 504 503 481 516 506 505 501 507 485 526 509 496 532 491 512 499 510 499 479 523
"238" 477 515 486 491 490 469 473 479 482 491 522 520 494 505 484 486 505 457 517 491
"239" 488 518 494 485 481 496 472 506 504 496 510 512 535 502 498 504 492 522 533 490
"240" 510 513 498 507 499 507 487 496 482 493 508 506 496 485 517 516 489 479 493 508
"241" 492 521 507 505 487 495 507 495 495 512 516 497 496 471 507 494 491 507 494 492
"242" 517 545 501 504 494 504 499 525 498 504 478 515 553 490 510 492 525 489 501 498
"243" 495 497 499 498 513 497 508 497 499 488 501 489 491 463 501 518 499 495 514 508
"244" 520 515 500 492 489 492 481 496 487 526 502 480 523 488 500 510 495 512 492 488
"245" 479 503 479 497 484 474 493 451 491 518 515 501 498 504 505 490 467 478 515 496
"246" 492 490 513 501 516 513 502 517 489 469 514 506 512 484 503 517 497 525 498 520
"247" 469 506 532 474 536 485 491 490 500 489 471 515 490 511 510 496 504 514 512 500
"248" 482 479 515 509 495 518 511 450 505 513 511 519 514 473 505 524 501 500 486 477
"249" 471 499 480 456 518 497 478 497 461 516 536 509 502 510 498 475 507 503 515 493
"250" 522 512 516 506 493 504 500 472 500 513 499 499 520 525 490 505 483 513 493 502
"251" 490 502 483 490 509 493 484 494 490 523 519 497 492 478 527 516 483 500 492 506
"252" 511 505 491 515 538 501 506 497 521 499 512 506 509 518 517 490 498 477 489 502
"253" 510 499 507 497 475 504 508 488 494 492 528 501 515 495 506 474 513 501 520 498
"254" 505 500 522 503 511 504 519 487 513 516 498 504 481 484 473 495 517 476 518 507
"255" 486 504 524 512 519 544 479 489 472 499 477 481 481 522 509 507 505 502 533 503
"256" 502 501 503 515 510 483 522 502 542 478 518 502 484 503 503 514 498 510 451 517
"257" 492 500 511 495 476 498 482 519 512 495 490 506 486 526 501 495 505 505 464 513
"258" 482 522 505 521 519 501 521 492 501 499 477 494 482 497 509 494 480 511 497 476
"259" 490 494 494 459 510 499 491 497 487 508 465 474 486 508 483 527 507 514 518 504
"260" 523 488 498 483 468 493 477 482 505 490 500 533 479 523 480 479 541 488 490 508
"261" 505 519 479 503 492 493 480 486 495 503 491 508 496 532 501 494 521 503 502 489
"262" 472 479 514 480 494 489 499 481 473 494 491 505 483 511 504 467 492 495 485 496
"263" 504 474 508 489 508 492 509 506 513 493 513 504 498 505 490 514 492 487 500 522
"264" 498 507 508 502 513 470 496 482 509 518 500 524 516 505 504 514 505 499 494 477
"265" 510 518 501 542 497 488 481 506 487 515 502 497 496 511 507 502 506 518 481 509
"266" 489 526 489 470 485 512 505 516 518 503 499 496 510 508 492 525 511 508 505 505
"267" 517 498 509 518 499 525 519 492 485 479 482 466 476 518 479 491 490 493 502 464
"268" 514 481 509 477 524 508 490 502 470 487 491 504 469 498 492 488 499 482 537 474
"269" 476 486 517 507 524 497 511 486 489 505 488 494 519 525 499 486 489 505 485 477
"270" 488 510 468 511 507 501 499 498 518 522 485 512 466 549 491 515 490 497 548 496
"271" 510 513 479 506 509 483 494 484 500 479 498 511 487 496 497 525 486 529 472 487
"272" 501 511 508 481 499 529 467 503 519 513 517 500 527 484 483 486 464 475 503 513
"273" 506 487 527 495 495 512 502 524 502 471 503 505 518 510 497 497 487 477 469 482
"274" 512 525 511 503 524 530 498 485 525 535 495 515 519 505 472 527 464 495 524 517
"275" 505 489 490 502 480 514 502 493 491 526 537 512 507 507 483 524 503 488 511 505
"276" 503 520 508 501 498 485 484 523 482 523 490 505 477 497 507 511 490 501 513 507
"277" 507 509 494 506 533 494 504 494 503 524 514 504 539 488 501 475 510 514 524 525
"278" 489 483 490 507 506 516 475 487 499 499 492 500 505 509 504 517 488 516 527 514
"279" 508 528 487 492 499 510 488 510 502 493 503 517 498 479 486 520 492 498 501 525
"280" 484 504 491 502 516 489 497 485 483 487 517 504 517 525 518 487 513 497 499 504
"281" 498 497 478 519 510 481 508 491 508 489 509 477 498 467 483 482 498 500 494 489
"282" 484 534 500 500 472 500 506 536 505 511 473 500 494 530 510 502 488 506 494 529
"283" 525 498 485 484 482 495 524 526 500 532 474 488 482 492 502 507 500 502 500 501
"284" 494 515 516 511 509 472 495 494 518 496 493 474 492 504 510 485 495 524 485 494
"285" 516 469 494 509 516 497 508 525 494 489 495 506 489 517 476 492 503 497 517 488
"286" 508 500 513 508 494 482 514 469 508 489 513 490 503 511 491 492 526 482 496 488
"287" 489 494 513 485 514 489 527 499 488 496 477 522 501 517 521 515 508 490 491 498
"288" 521 489 484 518 509 510 496 496 501 483 482 511 494 508 507 487 490 482 495 508
"289" 515 502 497 513 484 499 520 473 514 487 503 504 509 496 494 494 503 521 524 511
"290" 512 501 497 495 473 473 511 487 465 512 512 468 500 511 485 503 500 490 496 494
"291" 503 509 512 526 490 484 506 518 463 479 483 518 520 524 516 490 499 480 509 510
"292" 487 472 483 489 513 484 500 501 504 495 503 503 513 505 521 505 495 508 498 525
"293" 533 536 498 533 484 483 499 517 502 499 502 530 491 500 508 485 497 491 506 513
"294" 488 502 486 516 505 509 488 504 495 483 504 562 521 502 512 491 492 490 497 491
"295" 501 516 479 504 508 512 466 490 494 495 503 515 489 514 481 501 490 491 494 499
"296" 513 481 491 509 490 472 521 504 471 517 498 496 486 511 489 496 481 527 496 493
"297" 517 486 495 494 516 487 502 493 532 510 511 521 505 516 523 513 499 476 476 493
"298" 520 515 500 497 488 510 528 495 498 474 506 513 481 507 502 504 513 490 505 488
"299" 506 478 490 493 481 508 488 508 505 524 484 464 516 518 490 510 497 512 481 512
"300" 535 493 503 511 514 481 502 493 493 511 515 531 498 511 480 515 535 497 498 498
"301" 521 495 510 510 490 503 514 492 482 502 485 507 490 509 513 499 494 494 499 502
"302" 483 531 470 475 479 523 495 485 459 491 501 507 501 507 526 501 494 488 539 495
"303" 487 500 504 522 479 512 482 485 483 501 476 512 503 494 463 530 544 519 502 505
"304" 520 510 527 514 515 515 501 497 487 505 513 484 507 526 495 517 506 486 492 510
"305" 537 489 506 523 479 484 489 511 470 516 531 506 513 501 497 537 519 507 506 513
"306" 520 487 490 476 506 511 488 522 497 489 496 498 512 509 505 526 491 509 507 473
"307" 510 483 503 478 505 492 548 505 502 488 510 505 509 487 475 510 484 475 508 471
"308" 503 516 523 509 488 525 501 499 511 505 502 474 480 498 445 503 511 496 508 496
"309" 497 497 518 495 519 517 473 492 516 507 493 491 493 511 500 522 500 516 490 503
"310" 479 510 522 510 483 488 495 507 512 521 485 495 498 504 526 502 500 488 493 477
"311" 480 483 507 486 483 498 498 486 513 503 505 508 517 507 497 490 515 523 482 505
"312" 486 496 484 504 484 532 490 509 507 495 541 508 483 522 489 505 511 504 476 514
"313" 502 528 512 504 521 512 509 492 511 531 497 499 491 522 475 503 471 499 485 521
"314" 504 530 466 519 498 501 483 496 491 487 497 509 482 470 481 488 504 504 507 505
"315" 533 495 483 486 523 483 503 524 498 487 476 503 514 451 518 516 493 504 507 484
"316" 500 484 514 498 542 513 495 504 501 504 497 519 490 490 515 501 516 486 499 490
"317" 534 495 518 507 503 486 501 491 506 504 514 506 515 508 508 497 505 504 519 493
"318" 488 507 494 489 482 465 497 511 503 508 481 499 513 504 482 503 518 499 472 523
"319" 493 495 494 496 507 515 503 507 495 485 504 497 503 503 505 501 491 502 505 514
"320" 474 508 507 507 506 517 494 480 504 476 488 521 519 521 494 478 475 506 491 488
"321" 486 477 500 494 532 523 527 505 483 521 515 503 463 500 516 503 513 493 499 495
"322" 489 458 512 498 477 494 492 505 488 475 490 505 508 491 515 475 512 494 531 481
"323" 512 504 495 498 495 512 534 515 493 498 488 493 487 477 484 490 500 521 499 499
"324" 458 534 507 492 504 507 503 501 481 470 521 533 487 480 493 507 476 513 481 520
"325" 480 526 496 508 490 511 514 504 498 511 522 462 480 529 497 501 496 506 509 471
"326" 477 529 497 478 516 499 505 492 496 486 471 500 497 464 513 454 489 520 499 461
"327" 506 512 505 513 501 520 511 512 489 487 490 492 488 509 526 515 506 476 471 507
"328" 485 526 520 508 505 499 533 507 491 517 521 511 526 514 509 512 511 503 499 501
"329" 477 499 461 454 481 465 482 483 521 503 525 471 508 515 496 509 522 489 507 489
"330" 502 486 516 479 481 527 498 521 500 489 488 491 496 476 523 492 490 509 511 476
"331" 506 480 492 481 492 467 512 519 487 507 542 525 496 498 526 509 516 509 472 527
"332" 497 489 513 501 504 503 504 499 529 470 481 516 533 500 517 508 505 483 519 482
"333" 509 511 500 519 522 537 495 490 500 505 492 507 476 485 509 504 534 476 503 494
"334" 522 487 483 505 478 484 522 489 482 483 497 473 513 510 506 460 496 462 475 475
"335" 524 494 494 526 530 490 491 472 499 506 518 523 485 521 507 501 516 509 493 485
"336" 474 515 494 527 478 526 508 494 522 527 498 505 501 494 510 490 501 506 490 539
"337" 506 500 483 481 505 495 485 517 459 512 495 511 514 503 502 501 503 499 508 486
"338" 507 482 482 525 516 504 487 511 501 494 494 521 497 490 486 526 503 499 514 523
"339" 488 501 503 487 515 501 492 514 474 490 504 498 557 485 484 502 491 498 490 488
"340" 506 523 484 487 523 468 455 503 494 489 492 500 512 500 498 496 485 495 482 495
"341" 512 504 499 477 479 527 491 495 479 488 486 499 520 486 541 491 521 464 513 508
"342" 505 501 509 475 504 514 502 482 482 495 473 497 498 500 508 486 505 466 501 511
"343" 509 493 483 525 540 480 488 462 515 459 481 492 502 517 509 491 500 480 502 480
"344" 486 488 504 497 508 501 513 485 505 528 492 501 518 497 492 507 519 523 527 497
"345" 492 474 533 498 483 488 469 511 466 482 489 504 517 514 528 509 497 482 483 467
"346" 524 516 497 498 480 515 516 532 483 490 501 456 488 507 496 481 502 463 513 527
"347" 491 484 498 510 515 524 505 512 506 516 502 510 492 494 494 467 502 511 518 497
"348" 494 503 494 523 511 510 483 479 519 501 504 518 498 505 502 494 519 498 487 484
"349" 520 502 533 515 496 493 499 514 507 464 503 510 488 500 496 507 487 482 515 515
"350" 481 475 478 492 494 494 482 495 502 484 520 501 486 522 498 502 519 511 483 507
"351" 467 495 471 478 513 505 493 474 502 509 494 474 486 493 521 490 499 489 510 525
"352" 494 523 489 504 478 492 517 494 488 503 523 503 507 508 502 518 475 499 496 511
"353" 496 497 509 518 497 505 509 520 501 505 506 493 504 481 499 505 505 522 482 499
"354" 509 514 508 475 516 491 519 497 519 492 512 497 502 486 525 517 527 512 541 496
"355" 512 526 501 484 494 531 469 525 500 511 500 498 510 518 484 515 487 517 515 505
"356" 537 505 489 478 514 516 489 502 494 503 509 498 488 496 504 497 510 499 485 515
"357" 504 496 490 491 509 497 472 496 495 483 489 535 531 511 499 517 494 487 507 472
"358" 487 500 514 508 500 487 510 500 515 487 509 480 481 521 500 486 488 494 510 485
"359" 504 492 498 508 490 487 503 511 478 490 489 507 508 508 489 508 485 499 487 490
"360" 495 524 476 501 485 482 494 496 518 503 496 460 497 488 494 467 501 512 510 509
"361" 528 494 508 517 505 528 497 513 502 509 477 501 501 493 495 497 502 490 534 525
"362" 515 514 475 484 488 505 510 509 483 505 496 513 501 499 505 493 475 491 541 502
"363" 478 516 498 467 536 492 513 492 493 481 500 496 513 456 494 513 488 499 503 516
"364" 523 504 525 487 493 507 508 506 493 471 514 524 500 469 485 519 514 517 508 516
"365" 497 513 508 501 501 492 499 501 520 474 540 489 473 501 493 494 505 494 505 533
"366" 515 502 512 498 500 474 509 487 522 494 508 511 505 497 512 485 495 504 496 505
"367" 512 497 502 507 478 487 513 457 491 510 498 496 508 479 487 519 499 516 507 506
"368" 511 511 505 485 510 488 508 478 491 500 507 483 515 526 522 521 508 499 489 485
"369" 520 491 487 487 499 501 508 514 477 513 477 463 477 493 501 488 500 490 494 500
"370" 456 501 503 477 468 477 504 499 504 511 492 485 513 482 519 520 514 515 505 487
"371" 499 494 504 525 497 520 488 499 496 507 490 493 486 490 510 487 465 519 511 519
"372" 517 508 502 510 528 479 489 497 468 516 519 499 513 500 495 499 474 473 488 486
"373" 516 507 483 504 520 480 496 481 509 513 490 510 498 503 501 493 470 490 515 517
"374" 509 519 517 509 521 475 482 472 522 503 490 494 501 485 500 507 512 516 515 491
"375" 512 489 506 526 485 488 478 498 524 500 472 502 476 522 521 506 506 515 510 476
"376" 493 518 498 476 491 509 502 505 514 510 498 484 510 490 513 512 508 471 513 500
"377" 518 484 492 491 497 501 487 481 492 467 541 494 493 512 507 491 521 517 497 482
"378" 493 527 509 484 499 484 501 477 504 492 496 492 506 508 484 487 519 467 522 506
"379" 496 494 484 501 505 497 486 496 496 504 515 479 492 501 488 469 473 501 522 484
"380" 514 473 504 532 506 521 512 500 515 489 503 522 496 512 460 484 505 471 499 510
"381" 489 487 477 523 505 495 492 485 476 475 508 494 513 459 495 515 499 538 500 510
"382" 472 492 484 491 506 522 500 502 534 508 498 503 498 474 483 459 505 510 475 475
"383" 496 505 489 501 518 479 488 497 481 466 489 510 499 509 507 491 518 522 514 508
"384" 491 485 472 490 517 508 454 489 505 483 512 517 501 490 528 497 503 490 472 489
"385" 488 465 521 484 482 488 511 514 517 484 487 499 508 505 491 507 499 516 508 505
"386" 490 519 498 526 504 523 499 507 498 495 495 496 502 500 518 509 487 513 496 510
"387" 509 505 474 476 485 500 484 495 486 495 473 471 493 511 510 498 496 489 481 516
"388" 511 470 516 511 484 518 505 523 507 508 505 500 493 488 516 517 487 510 486 507
"389" 524 512 499 528 507 514 524 512 507 520 500 491 505 461 491 528 494 499 476 509
"390" 472 531 489 532 503 517 504 508 479 496 486 485 498 508 483 517 483 464 490 489
"391" 490 510 504 523 535 485 478 469 499 496 530 496 501 495 513 474 485 483 521 520
"392" 517 507 509 508 483 482 488 499 479 518 478 501 503 516 485 502 509 507 493 504
"393" 489 514 494 518 513 520 497 474 486 506 486 501 494 502 482 498 493 513 484 491
"394" 499 480 497 478 483 487 490 519 483 518 488 507 485 489 521 497 493 476 488 506
"395" 511 482 492 503 508 490 494 499 529 510 489 528 500 494 471 525 495 511 518 489
"396" 504 481 502 499 506 513 512 508 458 495 508 485 493 532 485 500 504 494 515 506
"397" 496 478 475 500 500 487 513 506 508 524 500 506 463 486 516 526 521 479 456 503
"398" 499 479 506 515 520 519 517 477 494 523 472 495 505 515 492 495 503 518 485 525
"399" 504 504 488 488 490 491 481 487 495 528 504 509 519 485 498 508 505 510 496 488
"400" 516 490 482 496 524 494 526 487 512 477 513 527 494 493 515 502 496 496 507 502
"401" 482 487 498 505 523 500 507 492 485 510 504 491 504 490 481 520 496 498 480 519
"402" 490 514 499 512 516 486 495 488 502 505 496 495 488 498 493 513 507 474 500 515
"403" 530 502 484 503 487 479 501 515 499 519 485 498 493 522 490 487 498 514 505 498
"404" 481 496 473 506 491 485 499 479 490 515 490 496 503 500 512 501 512 484 517 500
"405" 474 518 504 489 504 514 480 535 488 522 503 510 485 480 482 493 476 519 496 486
"406" 505 513 490 506 514 506 508 515 491 515 496 490 508 501 494 510 511 499 483 513
"407" 508 521 510 488 496 482 501 470 487 470 465 481 521 504 509 481 489 505 537 504
"408" 506 495 505 511 506 506 476 487 517 499 518 476 508 514 519 489 492 506 505 516
"409" 486 492 486 478 506 472 507 475 492 503 517 508 508 508 508 498 510 505 514 515
"410" 507 504 522 486 486 501 503 514 490 491 531 495 467 528 487 478 515 536 487 483
"411" 515 462 489 517 500 485 508 484 495 502 495 490 464 515 483 491 503 494 495 528
"412" 488 499 477 489 475 491 489 487 479 506 514 510 504 515 494 488 486 523 496 480
"413" 488 517 531 498 500 502 499 493 525 513 506 483 490 502 498 516 487 491 503 506
"414" 518 488 478 495 516 461 484 489 507 504 485 510 482 491 498 489 500 498 510 495
"415" 517 493 508 487 507 514 497 481 518 496 510 477 511 477 500 494 510 497 503 516
"416" 536 507 522 514 503 533 490 492 509 510 516 488 494 498 484 495 505 510 515 487
"417" 503 518 507 540 515 510 537 493 475 504 517 484 505 493 482 491 502 504 512 485
"418" 513 486 484 510 498 484 496 513 488 500 507 487 513 481 510 529 505 482 464 503
"419" 490 495 488 501 503 502 495 469 493 463 475 474 512 466 509 528 531 491 488 490
"420" 512 479 501 491 480 499 486 491 484 493 477 531 478 519 504 496 492 503 509 480
"421" 490 491 512 497 498 507 501 489 506 527 502 525 494 486 502 490 470 527 485 506
"422" 515 482 523 516 509 519 508 525 499 489 540 499 503 509 516 514 538 486 483 502
"423" 492 504 494 492 504 466 523 470 510 512 535 499 498 483 484 501 538 521 472 492
"424" 480 513 503 512 494 504 499 493 524 503 517 504 512 492 506 512 480 498 485 514
"425" 482 522 516 499 505 500 499 510 494 498 517 478 484 497 508 479 485 501 504 504
"426" 494 507 497 491 507 506 511 499 493 508 468 490 505 499 486 507 507 481 493 475
"427" 482 521 501 504 495 482 492 493 517 474 485 468 499 489 476 505 512 502 518 495
"428" 522 465 508 515 502 499 473 533 513 482 499 517 516 481 541 518 488 489 504 477
"429" 488 515 486 481 484 486 498 501 507 486 495 485 509 500 499 493 520 489 520 506
"430" 494 489 485 500 524 509 492 492 491 524 499 508 521 486 453 518 508 531 488 497
"431" 523 491 504 480 476 477 531 484 498 492 487 506 530 475 504 533 495 495 513 483
"432" 506 531 487 470 479 500 509 504 495 527 518 515 510 475 508 509 443 459 529 519
"433" 484 490 494 513 521 506 496 473 502 526 509 506 513 495 514 472 503 499 463 480
"434" 474 505 495 524 495 514 499 490 499 510 480 505 491 491 491 492 499 490 504 512
"435" 487 513 488 494 502 494 467 506 512 513 480 459 504 488 503 483 503 502 504 508
"436" 469 487 497 488 493 491 471 489 502 520 490 487 504 496 544 500 485 491 507 516
"437" 479 471 499 485 481 511 495 537 510 515 491 499 479 491 498 510 511 523 492 519
"438" 514 492 491 535 475 512 494 533 513 502 523 501 516 496 511 527 484 494 505 478
"439" 509 507 488 464 476 495 527 530 527 517 478 498 499 484 482 507 507 495 488 504
"440" 507 522 488 493 507 516 515 460 469 497 484 519 485 505 461 523 521 506 497 497
"441" 494 520 505 504 509 510 478 498 505 496 516 494 494 532 513 521 475 486 515 482
"442" 519 500 503 521 476 486 504 503 491 519 489 504 508 475 508 512 508 502 480 502
"443" 511 515 531 502 466 469 497 480 500 502 491 513 503 519 510 508 487 505 497 517
"444" 494 478 503 502 519 507 490 479 483 535 499 473 510 506 513 504 490 478 492 515
"445" 510 497 496 472 511 500 498 466 502 512 515 482 501 497 482 505 524 488 524 477
"446" 495 509 476 481 513 481 514 485 511 483 515 501 543 509 517 496 484 471 496 492
"447" 509 525 505 519 489 488 494 517 500 492 514 479 497 484 513 493 492 504 487 484
"448" 504 481 523 502 511 517 511 487 519 495 492 511 505 484 504 532 488 494 490 506
"449" 508 519 487 501 522 479 485 505 478 481 524 517 500 523 494 486 513 506 506 441
"450" 509 493 516 482 504 479 523 514 481 523 483 513 518 520 503 468 483 481 505 510
"451" 520 531 493 485 494 494 506 496 495 471 467 504 493 504 514 485 501 496 506 481
"452" 477 506 494 498 512 498 443 502 491 500 517 528 485 536 500 520 482 497 496 496
"453" 486 506 487 535 499 503 496 528 487 516 490 500 501 500 483 475 491 478 494 519
"454" 494 503 494 509 512 490 483 477 489 497 491 486 497 503 471 513 506 502 507 529
"455" 504 491 510 490 488 479 500 502 483 499 514 486 469 498 471 491 475 511 517 483
"456" 517 481 496 495 481 480 489 521 504 483 505 488 519 504 508 493 523 497 480 523
"457" 504 506 537 509 506 485 482 499 511 482 507 487 502 513 512 502 496 497 503 498
"458" 492 493 502 503 511 480 505 499 484 498 468 474 507 506 488 467 505 488 494 508
"459" 491 518 515 499 508 509 486 503 478 477 526 485 501 507 533 505 509 500 486 494
"460" 518 496 480 533 526 505 514 486 499 472 509 492 509 522 523 507 530 500 495 514
"461" 496 515 502 523 485 503 500 498 493 494 519 524 509 505 472 506 494 485 483 497
"462" 487 493 511 483 509 502 476 488 493 534 488 493 463 517 468 501 527 511 485 509
"463" 485 530 524 481 504 535 473 512 507 487 488 477 499 490 519 497 511 478 506 508
"464" 508 526 480 498 521 501 495 485 528 479 507 504 516 495 477 490 474 500 509 498
"465" 499 513 485 506 475 504 511 503 511 522 504 515 504 493 513 481 520 476 495 491
"466" 503 506 503 485 501 509 502 513 497 513 497 493 497 501 485 507 496 517 490 523
"467" 496 463 485 479 515 485 502 492 485 511 484 530 496 495 521 497 513 497 497 492
"468" 498 475 524 500 454 495 494 507 515 496 489 523 491 513 487 521 503 516 498 494
"469" 476 538 490 478 489 497 485 517 495 463 488 489 510 505 509 507 484 508 501 504
"470" 466 494 485 512 487 507 499 501 474 505 471 483 511 498 482 491 483 490 487 516
"471" 488 481 492 499 504 506 517 521 476 483 510 514 494 470 470 519 466 492 482 499
"472" 521 506 489 512 471 509 476 477 496 492 483 491 493 505 491 487 496 493 497 488
"473" 503 483 511 525 513 490 500 518 498 487 496 455 515 484 509 503 527 458 477 490
"474" 498 512 506 495 487 493 531 503 516 519 514 510 508 484 480 492 524 514 515 490
"475" 482 507 519 506 502 502 490 484 506 486 484 504 491 508 491 482 532 480 485 481
"476" 494 518 523 482 481 511 490 488 489 490 514 506 485 500 454 505 504 531 517 496
"477" 502 503 519 490 521 484 491 486 502 518 502 473 486 495 497 511 489 484 516 481
"478" 500 509 498 542 505 484 517 490 501 483 497 498 510 506 493 507 526 520 503 499
"479" 494 534 493 477 480 503 509 495 471 506 506 496 491 497 535 505 507 477 493 483
"480" 515 481 516 476 487 474 515 507 515 474 509 487 501 497 533 494 505 495 500 486
"481" 509 520 487 479 485 487 508 478 482 489 486 469 501 486 515 500 500 474 506 520
"482" 489 533 491 477 495 490 476 512 508 489 505 503 517 477 510 515 506 508 524 481
"483" 504 491 511 472 501 497 474 476 483 511 513 500 485 495 490 511 509 467 512 477
"484" 500 508 500 509 498 480 503 501 483 495 494 522 474 508 497 520 503 514 529 496
"485" 535 490 516 501 499 509 498 491 513 493 516 503 488 508 511 488 476 479 504 469
"486" 513 501 476 482 491 489 511 496 500 472 496 516 504 494 508 496 542 534 511 512
"487" 484 492 479 501 491 496 483 510 507 478 525 508 513 515 508 495 501 494 501 508
"488" 478 503 501 506 485 511 482 495 487 479 514 501 505 502 482 496 487 526 514 518
"489" 495 498 492 515 493 488 543 495 514 528 514 500 489 492 485 514 463 483 517 493
"490" 491 488 505 480 489 503 476 486 479 505 513 506 500 522 506 480 511 494 498 491
"491" 486 501 481 483 520 509 512 496 530 500 479 524 488 486 500 521 498 503 506 465
"492" 511 494 500 520 490 485 488 497 500 493 503 520 474 512 506 508 507 490 507 516
"493" 491 482 516 503 500 527 512 498 482 519 491 505 515 504 492 461 502 516 490 488
"494" 501 479 520 513 501 519 495 464 496 495 486 510 483 497 478 480 495 529 483 494
"495" 476 503 497 505 504 489 522 511 494 497 508 499 500 495 509 484 483 507 503 486
"496" 492 495 485 486 505 486 508 519 488 484 483 519 516 506 511 513 463 484 509 524
"497" 509 473 515 496 503 488 504 501 504 482 495 518 487 471 457 479 494 500 513 488
"498" 494 502 498 509 486 500 511 498 502 502 493 495 479 505 532 504 507 504 501 489
"499" 503 475 467 519 508 467 508 504 505 500 479 492 489 535 544 484 487 533 498 488
"500" 525 492 515 507 496 490 459 474 497 503 502 491 513 534 523 496 525 475 473 494
"501" 445 488 514 498 479 504 490 508 497 528 507 510 498 508 504 508 501 487 517 490
"502" 489 487 480 504 505 499 494 522 509 504 506 495 496 497 522 491 507 528 475 494
"503" 534 524 501 525 507 479 515 493 487 505 493 477 514 497 517 485 512 505 503 516
"504" 501 517 492 494 505 500 512 521 539 487 502 497 499 523 509 496 515 499 499 514
"505" 498 501 510 505 462 493 477 515 493 495 478 479 512 501 504 508 510 489 511 520
"506" 532 484 492 482 509 507 473 474 499 504 514 496 501 454 515 481 485 495 496 488
"507" 495 509 503 483 507 517 510 497 503 520 500 507 479 475 477 517 502 500 510 487
"508" 512 512 491 493 490 495 519 493 497 520 488 502 500 488 469 509 528 486 513 477
"509" 491 483 506 502 520 508 519 515 511 530 515 465 498 505 502 501 501 479 537 519
"510" 487 499 517 518 491 509 487 497 496 477 536 495 496 483 506 515 498 519 506 500
"511" 491 510 487 524 489 480 500 520 498 480 526 502 508 501 520 521 488 506 514 498
"512" 500 480 486 520 525 478 531 510 491 492 517 486 489 491 506 493 493 485 475 492
"513" 487 495 490 498 493 520 504 507 496 505 484 488 506 534 516 513 511 501 492 493
"514" 500 503 489 502 517 487 520 505 486 513 531 501 496 495 504 495 495 523 506 491
"515" 518 503 512 513 502 482 500 509 500 523 526 496 519 474 500 508 531 475 487 505
"516" 517 480 500 497 509 508 505 517 488 487 499 497 488 514 487 473 484 497 512 519
"517" 498 485 522 513 486 485 479 507 504 514 476 519 477 508 479 514 517 509 486 516
"518" 482 499 488 473 496 505 506 514 490 526 480 518 489 497 486 543 493 482 463 510
"519" 508 509 504 529 467 491 510 520 493 497 527 488 496 511 501 493 476 496 528 494
"520" 476 491 493 498 506 500 500 496 481 459 496 493 489 501 501 483 474 500 518 521
"521" 474 517 487 506 526 520 517 511 514 504 487 502 497 485 489 467 495 507 495 469
"522" 504 521 484 526 479 510 491 483 520 533 493 493 520 519 509 497 502 505 497 499
"523" 511 511 515 510 502 522 513 518 485 487 508 505 478 504 487 507 483 491 485 492
"524" 500 466 489 477 506 547 503 472 506 520 476 496 498 496 494 491 494 532 492 523
"525" 486 525 498 521 474 492 499 501 474 479 485 509 502 512 487 488 493 511 490 499
"526" 498 477 466 518 514 478 501 498 504 512 482 510 510 486 500 502 495 502 521 515
"527" 520 489 460 500 488 473 487 502 494 513 496 513 516 475 501 519 512 515 488 501
"528" 505 505 464 485 508 489 455 494 489 497 501 493 497 490 526 489 493 484 507 505
"529" 485 520 498 479 514 502 513 508 518 477 492 500 534 526 481 515 486 498 511 526
"530" 517 507 517 503 487 516 499 483 529 506 490 469 491 488 492 497 497 477 470 505
"531" 517 520 498 497 507 487 497 498 505 500 503 514 496 493 489 475 466 504 487 473
"532" 495 497 517 517 511 491 511 498 475 509 499 514 500 495 494 497 496 522 510 489
"533" 473 493 463 483 508 497 509 508 490 484 517 505 483 521 499 490 506 489 475 553
"534" 504 522 487 520 488 498 477 506 514 503 532 494 520 478 488 513 489 492 497 500
"535" 464 509 478 458 504 485 505 491 492 500 504 499 513 519 529 483 505 479 487 486
"536" 499 498 506 491 490 499 492 481 511 507 472 514 523 504 510 509 495 540 527 490
"537" 494 505 471 507 498 498 482 515 452 515 497 504 501 490 518 502 499 496 510 492
"538" 497 513 490 503 478 510 480 538 495 513 504 527 532 484 513 517 477 490 495 492
"539" 484 501 492 507 494 509 495 508 502 488 506 504 491 517 497 500 514 514 475 509
"540" 491 504 490 516 521 514 489 498 490 505 510 513 502 514 504 503 524 474 480 502
"541" 501 502 507 474 503 493 490 507 513 512 483 499 506 483 503 497 516 475 504 501
"542" 529 482 519 517 502 509 514 493 500 476 480 506 515 489 525 475 536 516 518 514
"543" 508 471 512 515 470 526 496 499 509 488 504 515 513 514 457 487 500 486 500 503
"544" 490 518 503 523 480 504 490 490 497 515 475 504 497 495 506 476 498 498 486 489
"545" 506 523 514 496 498 484 511 528 510 519 510 502 506 503 520 495 509 483 492 505
"546" 487 508 491 499 498 498 500 511 498 478 509 493 494 466 495 497 530 487 495 502
"547" 521 513 481 486 501 495 507 486 498 485 515 488 478 474 512 536 487 495 501 532
"548" 504 516 465 471 467 520 491 512 505 507 489 513 499 489 509 495 508 482 505 490
"549" 507 489 502 484 505 500 482 493 505 499 468 471 492 494 483 492 479 467 516 464
"550" 496 509 496 526 497 525 520 487 494 495 531 500 464 502 496 489 494 497 485 520
"551" 505 498 506 523 478 539 490 529 512 474 525 500 486 514 516 489 510 527 521 477
"552" 521 502 511 495 508 491 473 507 499 498 504 515 517 491 510 490 522 530 492 496
"553" 501 511 491 515 505 514 524 504 489 516 537 466 504 495 510 484 484 498 486 478
"554" 501 507 492 519 510 526 515 475 490 526 491 507 492 495 498 503 496 479 510 490
"555" 506 482 490 510 498 473 506 511 522 492 501 496 509 487 519 512 489 485 489 483
"556" 484 488 491 501 499 510 509 472 499 500 508 513 504 508 491 501 491 492 495 493
"557" 505 484 485 487 505 510 488 494 516 497 507 480 526 504 482 521 490 484 493 522
"558" 483 497 513 483 502 520 502 501 508 521 507 485 504 499 489 459 505 532 473 515
"559" 484 488 489 510 500 502 510 523 518 486 502 491 528 493 503 506 494 476 502 488
"560" 488 506 490 486 505 486 519 506 494 518 494 495 499 503 538 483 531 526 485 510
"561" 491 495 525 492 508 489 527 494 491 489 525 520 487 485 501 496 491 473 511 510
"562" 495 506 504 473 506 500 501 539 528 484 500 508 519 496 476 522 518 523 506 490
"563" 476 518 535 526 486 482 511 469 506 500 491 510 498 503 497 513 508 515 484 502
"564" 494 490 459 491 500 473 494 502 497 506 468 481 530 501 499 539 494 513 505 529
"565" 484 501 511 504 457 479 511 496 508 504 494 478 480 477 479 488 488 525 480 479
"566" 486 485 497 487 509 481 476 508 509 503 498 484 505 494 525 528 543 494 505 515
"567" 462 541 495 501 500 509 478 490 506 490 509 490 497 501 519 501 513 483 494 490
"568" 527 515 506 503 511 496 481 478 504 491 495 516 475 500 520 508 489 498 499 480
"569" 498 509 500 494 486 485 524 506 483 471 481 497 503 496 512 511 489 516 495 508
"570" 472 536 504 548 487 511 499 501 499 494 491 486 515 507 473 508 498 496 476 492
"571" 479 512 502 515 482 471 484 514 522 488 493 503 490 494 493 497 490 515 485 510
"572" 503 506 494 486 481 512 503 495 518 471 522 478 477 478 500 485 538 513 511 476
"573" 491 498 468 510 519 476 496 512 525 489 517 514 498 465 525 517 509 499 477 501
"574" 506 512 501 492 505 528 514 493 505 494 515 499 520 501 505 492 476 504 497 485
"575" 476 501 492 531 491 476 516 500 485 501 485 505 513 482 512 507 518 489 490 507
"576" 502 502 516 509 496 495 470 502 483 500 496 480 492 483 507 474 488 519 483 503
"577" 486 492 502 487 460 512 504 503 492 527 537 473 522 497 464 501 510 527 486 468
"578" 506 497 496 495 506 504 474 484 501 481 523 499 489 509 484 514 494 496 519 484
"579" 494 507 532 534 513 474 500 472 517 511 514 477 507 506 480 516 475 536 503 516
"580" 507 510 524 508 500 525 485 499 473 484 470 506 482 492 532 467 504 495 498 495
"581" 505 481 500 494 507 503 515 488 504 485 472 503 484 505 530 503 516 476 485 502
"582" 521 511 498 506 535 509 498 478 484 506 524 513 493 528 494 499 502 515 514 483
"583" 496 525 525 507 505 500 483 510 491 502 466 515 520 510 488 505 508 503 524 519
"584" 492 478 522 485 497 491 525 498 509 487 509 492 493 502 494 488 518 521 490 496
"585" 501 501 511 483 501 491 488 519 496 534 513 526 516 480 480 477 516 496 496 494
"586" 499 517 482 514 506 521 504 514 517 495 509 464 511 507 492 498 493 506 482 485
"587" 495 486 502 480 519 517 497 506 480 495 497 494 501 496 491 499 484 506 510 490
"588" 529 506 504 493 516 503 522 475 502 536 497 508 510 544 502 506 515 481 499 489
"589" 538 493 480 517 479 485 488 506 493 516 502 474 497 498 496 502 526 490 501 503
"590" 495 515 497 525 488 495 502 479 491 504 466 484 449 482 471 498 493 508 496 510
"591" 505 486 512 518 504 522 540 514 504 499 506 496 516 507 485 503 491 512 475 507
"592" 497 510 490 512 485 480 492 497 475 505 490 494 503 487 528 506 476 485 510 492
"593" 512 489 477 487 496 494 489 507 513 522 531 505 507 488 502 496 510 465 519 490
"594" 462 501 485 496 511 500 489 507 503 490 473 471 512 487 519 488 493 487 499 494
"595" 500 513 525 492 527 502 472 513 497 479 470 499 473 526 472 529 479 499 516 528
"596" 480 507 511 504 507 493 480 505 475 509 505 497 505 484 497 503 486 494 497 494
"597" 500 492 504 503 502 498 525 489 498 470 469 506 527 488 496 493 490 512 500 481
"598" 492 521 479 505 501 511 530 522 503 491 507 507 537 477 473 521 507 529 524 500
"599" 509 483 495 502 504 490 477 492 513 484 496 500 499 479 497 512 532 508 499 491
"600" 515 507 508 492 485 497 519 488 495 487 504 499 518 507 515 491 482 529 504 485
"601" 513 516 531 509 484 496 479 503 486 519 499 520 514 523 497 523 489 505 501 504
"602" 490 530 521 509 515 495 495 506 502 490 508 512 522 491 483 496 486 485 506 525
"603" 490 508 509 485 517 518 506 524 480 521 496 519 524 503 509 495 502 500 494 513
"604" 515 490 481 520 494 490 500 511 483 484 491 508 481 495 481 518 515 489 501 533
"605" 529 489 490 500 536 504 488 479 480 475 485 519 514 504 529 477 498 503 508 519
"606" 502 517 483 508 499 496 501 468 503 480 501 495 505 519 512 507 496 505 476 502
"607" 477 508 505 490 508 525 506 518 474 497 486 474 536 483 482 517 494 475 515 502
"608" 504 499 483 508 498 495 502 484 494 498 469 506 508 535 520 500 491 507 496 493
"609" 495 480 494 510 524 515 485 518 494 489 506 487 455 508 485 522 494 489 498 499
"610" 493 492 495 502 498 475 490 485 508 493 489 521 496 484 497 490 485 502 478 511
"611" 508 507 488 495 495 508 529 494 494 512 512 503 490 512 476 477 506 521 496 515
"612" 504 495 534 512 523 495 499 503 512 499 512 475 487 517 516 472 503 507 482 460
"613" 496 506 523 503 495 509 500 536 494 499 500 509 494 512 514 511 511 507 495 489
"614" 494 496 517 494 503 514 497 518 491 506 519 492 510 495 493 493 495 469 498 495
"615" 472 480 493 504 497 489 502 498 524 474 501 498 494 482 531 464 539 540 497 475
"616" 514 480 500 506 495 511 497 518 497 518 499 521 481 512 520 495 525 468 509 522
"617" 503 515 496 516 486 493 514 502 511 500 505 500 512 505 498 480 521 482 496 514
"618" 489 489 496 475 501 520 521 490 465 518 492 491 480 494 488 480 500 504 499 508
"619" 493 494 480 497 486 496 514 512 481 505 525 497 503 521 492 489 520 519 508 492
"620" 473 528 506 484 517 481 503 503 502 502 489 498 489 507 474 493 500 513 505 506
"621" 491 502 499 486 510 524 484 509 483 490 482 513 484 510 486 486 493 524 511 495
"622" 505 489 469 503 508 496 502 466 491 500 497 505 496 501 511 501 498 518 486 500
"623" 513 496 474 499 498 502 472 463 524 490 488 461 490 491 509 499 479 505 490 518
"624" 506 524 483 496 493 516 514 498 510 506 529 494 479 471 510 511 495 506 494 509
"625" 510 536 501 481 516 491 515 484 507 500 468 492 492 520 463 493 489 472 494 494
"626" 528 486 510 483 489 512 506 496 527 515 489 493 502 515 508 517 503 505 477 478
"627" 495 499 497 476 492 520 473 489 499 522 532 497 502 486 499 476 511 517 510 497
"628" 505 507 518 492 514 485 507 485 478 498 500 507 495 510 495 529 484 495 512 517
"629" 505 459 476 511 483 489 537 527 525 510 491 501 500 522 481 500 506 510 508 489
"630" 473 469 471 503 490 533 511 492 494 520 509 475 507 477 488 529 486 519 499 476
"631" 474 509 482 515 507 526 510 506 514 483 484 480 519 506 501 495 488 499 522 505
"632" 527 514 499 520 474 497 494 517 525 507 489 495 510 514 483 511 492 489 496 504
"633" 508 496 510 510 528 496 528 524 496 513 515 531 511 495 505 523 502 502 496 495
"634" 500 488 486 498 516 501 485 538 506 491 506 512 480 485 510 501 479 480 510 524
"635" 502 518 486 527 517 500 505 515 488 524 516 477 482 543 489 491 527 493 489 498
"636" 487 504 516 532 506 498 503 484 539 484 501 501 517 489 474 493 492 523 503 493
"637" 510 487 528 490 486 505 496 484 489 501 509 472 501 512 468 517 481 491 511 484
"638" 487 477 473 480 486 515 515 483 525 523 485 462 518 498 500 501 518 496 505 507
"639" 503 501 488 493 499 493 509 496 487 501 504 517 475 500 495 531 497 512 484 462
"640" 494 523 508 485 505 500 504 504 508 520 500 482 489 485 531 485 485 522 543 490
"641" 510 483 488 522 500 505 499 487 505 467 507 506 503 515 508 498 483 513 505 513
"642" 492 522 504 517 504 525 463 517 507 485 463 505 498 519 510 507 516 516 497 495
"643" 483 499 481 507 487 521 495 490 495 502 500 506 479 481 482 513 506 494 522 489
"644" 510 502 500 501 499 475 513 518 513 469 495 495 484 507 518 509 478 526 492 487
"645" 500 498 477 507 519 500 499 489 505 526 483 522 524 496 519 501 543 524 508 481
"646" 512 488 483 522 520 503 515 511 512 486 477 512 500 530 516 533 516 489 511 517
"647" 505 488 505 495 500 510 519 513 494 472 502 515 514 523 510 518 526 507 521 529
"648" 504 482 523 498 518 479 519 492 483 486 493 492 507 481 485 501 510 509 496 498
"649" 510 480 494 494 468 507 512 476 472 478 488 511 473 464 498 499 515 523 501 494
"650" 492 464 500 505 514 527 501 478 508 499 518 498 482 499 494 494 482 479 518 506
"651" 505 514 504 493 480 484 494 508 509 490 493 520 465 526 533 505 498 517 528 502
"652" 505 486 500 504 488 489 500 470 526 506 516 513 502 496 507 525 493 489 511 489
"653" 490 468 481 496 521 488 474 499 483 488 455 490 473 481 505 496 532 511 501 498
"654" 497 478 495 516 518 501 498 484 512 476 517 499 503 507 507 535 471 495 488 498
"655" 471 505 508 488 504 484 515 527 520 476 499 501 494 535 478 487 512 508 491 501
"656" 503 491 483 506 505 495 493 511 510 484 502 492 522 511 484 486 503 536 507 492
"657" 496 500 472 502 486 514 490 481 501 531 503 500 519 501 512 508 520 487 515 524
"658" 516 484 505 503 501 505 477 531 505 484 511 523 494 507 531 510 481 505 520 500
"659" 498 497 492 521 485 500 499 496 497 506 497 472 493 494 484 481 497 503 499 500
"660" 487 508 484 480 501 503 484 508 490 489 510 514 502 512 513 514 503 488 497 492
"661" 507 495 478 475 487 511 507 483 495 507 504 496 510 511 512 471 489 523 497 539
"662" 520 495 490 529 506 512 509 508 529 487 493 521 500 520 488 493 492 500 504 505
"663" 526 505 495 518 484 480 475 515 489 498 509 489 478 496 473 476 515 508 508 493
"664" 490 513 498 501 538 511 462 502 481 497 500 491 494 508 497 495 522 507 492 511
"665" 508 524 495 501 492 491 492 464 506 515 489 473 518 522 512 493 491 491 499 517
"666" 473 507 463 496 494 544 508 502 503 474 527 505 466 496 483 493 514 499 509 498
"667" 501 497 504 493 504 494 495 511 508 518 484 520 492 489 496 475 489 536 517 506
"668" 521 505 510 497 491 483 517 517 495 521 514 495 496 499 505 476 509 534 486 528
"669" 500 496 487 485 467 499 500 508 484 498 480 500 531 520 500 504 523 511 517 495
"670" 496 497 498 527 521 528 494 515 484 489 508 520 478 497 496 509 501 510 464 505
"671" 521 491 506 488 502 470 490 488 494 515 524 461 494 496 503 489 505 515 488 468
"672" 488 500 488 506 521 501 487 490 491 505 499 491 474 518 509 500 531 518 451 522
"673" 492 512 528 516 491 511 488 509 520 505 501 530 506 503 487 512 487 490 503 494
"674" 485 525 491 486 483 487 499 475 461 487 492 483 495 502 492 520 509 479 486 538
"675" 508 508 501 473 480 519 505 483 500 483 499 500 501 493 503 511 503 503 480 512
"676" 525 493 483 520 479 512 484 512 494 489 479 496 500 510 516 497 481 503 495 511
"677" 492 547 487 492 480 513 487 490 498 475 494 523 510 513 506 475 497 506 507 474
"678" 522 510 487 522 502 491 497 501 493 515 525 502 509 523 505 473 501 515 489 474
"679" 524 510 512 470 515 518 518 513 494 475 498 508 508 498 511 518 503 500 490 506
"680" 474 508 523 524 504 514 504 495 512 522 497 514 518 490 514 467 471 499 487 498
"681" 508 481 500 488 477 521 511 470 489 490 527 491 501 503 502 486 492 487 493 479
"682" 537 528 496 501 499 508 489 540 516 516 491 461 497 517 508 501 511 511 500 473
"683" 485 502 477 514 513 525 495 502 509 500 515 514 466 503 520 494 514 486 477 512
"684" 500 510 489 518 517 490 502 509 485 509 483 518 507 489 489 487 486 499 480 486
"685" 491 497 531 475 499 507 512 510 474 502 494 508 511 478 505 501 521 523 519 498
"686" 503 493 478 487 496 521 494 505 511 522 536 524 494 535 514 469 502 508 484 492
"687" 475 485 507 494 496 470 484 513 506 499 481 490 524 495 511 504 498 495 511 531
"688" 491 513 483 508 467 476 526 517 498 508 484 497 505 499 509 542 502 486 509 460
"689" 496 517 502 496 500 483 509 484 508 508 505 491 500 482 502 500 495 493 488 498
"690" 473 509 499 459 479 513 493 499 512 486 470 493 500 528 517 501 479 478 486 510
"691" 510 489 535 498 485 503 508 475 509 522 509 496 504 485 501 506 513 497 506 512
"692" 509 488 504 485 484 505 516 507 480 528 487 470 462 512 520 468 512 522 513 480
"693" 497 505 468 504 482 494 508 479 527 502 533 495 496 490 505 503 491 493 488 484
"694" 491 503 483 489 503 516 472 476 498 494 489 478 513 526 505 484 494 507 478 529
"695" 489 495 497 458 486 483 518 482 484 503 529 523 514 488 485 528 498 505 512 502
"696" 498 478 499 476 521 504 488 510 519 495 484 500 510 509 495 522 511 499 523 478
"697" 507 520 511 492 501 485 514 518 499 506 511 491 471 485 492 512 490 522 491 519
"698" 509 503 472 522 487 521 486 514 516 529 468 487 501 513 477 475 491 515 499 476
"699" 531 483 495 505 492 503 487 506 510 501 534 517 506 495 455 489 488 499 504 514
"700" 507 505 486 508 479 503 470 518 499 502 478 495 483 497 529 507 514 502 503 489
"701" 469 496 496 504 478 489 500 497 474 506 495 482 503 498 488 479 519 519 492 502
"702" 470 480 540 507 471 487 474 489 503 497 512 495 531 493 508 497 502 504 515 495
"703" 487 497 493 526 508 514 492 497 473 484 503 518 485 486 517 512 494 506 492 503
"704" 490 509 522 501 522 487 474 544 527 504 510 492 496 491 524 514 507 495 484 494
"705" 480 483 497 500 518 484 458 514 502 499 472 478 527 478 527 499 496 471 485 500
"706" 508 495 520 526 502 519 518 492 488 491 497 512 499 524 477 483 494 467 476 498
"707" 491 504 501 493 528 512 497 477 481 507 535 474 488 484 521 495 505 475 491 496
"708" 478 500 483 489 490 490 526 488 494 483 533 496 492 510 504 493 516 492 503 484
"709" 505 497 480 495 481 523 506 503 507 519 490 489 484 482 484 502 477 494 532 502
"710" 504 521 501 491 508 493 521 507 501 517 520 524 505 506 510 503 484 518 472 495
"711" 483 475 533 484 474 507 486 495 494 504 515 509 501 510 520 494 491 495 485 497
"712" 490 478 507 496 511 497 505 497 503 478 485 492 474 515 531 497 516 513 485 504
"713" 498 510 504 504 481 497 502 486 475 501 487 485 504 495 518 502 496 478 513 527
"714" 509 531 507 510 527 513 484 500 526 483 501 480 462 485 521 533 494 509 499 534
"715" 496 497 493 500 486 496 489 498 518 489 470 503 488 514 474 497 502 502 520 495
"716" 467 498 512 507 499 496 496 497 480 457 500 526 490 501 525 520 526 510 500 505
"717" 494 514 477 476 498 523 494 524 499 530 496 511 490 527 497 489 497 498 513 506
"718" 510 482 508 499 494 500 513 481 475 491 517 534 491 522 531 490 514 470 475 490
"719" 534 509 492 504 488 494 488 480 499 507 521 478 508 495 489 517 487 455 511 496
"720" 478 482 514 511 482 534 451 456 501 509 491 493 496 522 453 494 478 498 516 481
"721" 494 499 526 490 481 505 534 501 479 504 510 507 520 532 491 485 495 504 463 499
"722" 498 469 501 492 514 519 507 510 475 504 502 519 465 478 490 512 499 505 492 517
"723" 512 458 509 479 518 513 523 477 502 500 508 528 511 502 487 517 513 504 499 499
"724" 494 545 493 511 482 529 505 455 520 514 503 506 517 524 499 499 505 490 526 537
"725" 486 513 492 514 490 496 490 507 488 504 518 509 540 491 465 498 487 499 489 491
"726" 508 508 505 498 498 500 496 491 503 487 497 519 498 495 491 525 509 476 510 515
"727" 498 498 522 506 496 492 502 507 526 507 534 485 477 511 515 478 510 533 503 505
"728" 514 516 480 486 490 519 496 526 505 520 502 463 510 504 521 512 477 491 488 506
"729" 521 496 504 504 501 482 488 507 520 511 509 498 469 534 501 509 496 500 499 511
"730" 504 503 513 497 499 491 478 490 483 501 519 506 491 483 522 519 497 509 503 510
"731" 525 507 478 500 512 522 509 483 487 517 492 510 514 516 521 505 523 516 493 484
"732" 511 483 484 512 499 487 506 498 506 512 527 499 520 510 501 485 515 509 521 543
"733" 490 481 525 478 522 511 494 514 511 493 482 523 505 504 505 487 511 482 529 490
"734" 501 477 512 513 468 491 518 518 505 518 514 493 505 532 482 491 508 502 494 499
"735" 479 482 523 481 493 484 498 501 481 500 484 481 493 495 505 510 515 488 507 490
"736" 468 520 505 489 486 495 512 507 500 506 467 495 548 493 476 513 530 502 512 513
"737" 487 489 512 504 502 500 473 480 469 496 522 522 480 507 489 508 502 490 490 496
"738" 511 507 520 484 502 508 488 517 503 482 489 497 486 492 515 493 488 490 508 493
"739" 524 492 506 534 491 479 519 501 513 505 501 504 489 492 524 514 501 512 527 505
"740" 525 498 490 518 472 509 491 507 502 514 510 498 478 490 511 510 492 484 498 515
"741" 488 502 518 509 520 512 495 492 507 495 530 499 512 487 506 518 510 482 510 525
"742" 494 508 486 499 526 516 507 516 515 486 510 515 492 504 507 494 501 499 511 500
"743" 527 494 470 507 508 520 511 511 460 502 487 481 520 493 511 472 480 462 501 509
"744" 533 505 521 511 505 533 483 494 496 477 516 492 524 514 510 522 497 490 494 522
"745" 503 517 504 467 510 500 497 491 491 510 506 481 494 529 489 523 499 492 516 502
"746" 497 498 484 517 512 508 493 471 505 497 466 510 467 506 485 495 511 500 498 501
"747" 515 488 470 485 522 503 491 475 484 494 475 512 487 489 491 527 497 465 507 468
"748" 513 518 502 497 509 486 510 488 493 521 487 480 474 478 524 485 520 511 533 522
"749" 526 482 491 480 512 476 459 506 475 493 524 481 486 497 531 493 471 480 490 485
"750" 504 516 497 492 483 514 483 482 490 512 522 492 474 509 510 513 485 504 509 524
"751" 543 499 483 506 498 486 517 500 492 474 512 523 493 498 484 522 525 513 506 526
"752" 508 532 488 512 484 489 481 509 461 515 506 470 503 490 504 501 504 475 517 482
"753" 461 494 511 512 478 486 495 541 485 515 487 496 526 504 487 494 499 524 503 500
"754" 494 507 482 500 505 504 501 506 513 491 502 516 477 498 495 492 497 497 512 466
"755" 499 495 501 484 493 491 483 485 480 488 501 509 535 518 511 496 489 478 518 476
"756" 509 519 480 507 491 536 511 493 491 477 533 489 505 512 461 485 492 502 506 477
"757" 514 488 512 478 500 517 493 483 463 463 521 490 474 514 493 482 484 517 516 483
"758" 500 508 469 514 519 512 545 512 484 495 487 496 493 507 495 488 491 496 516 499
"759" 489 478 514 513 509 489 487 501 508 506 497 491 509 495 506 520 545 478 539 502
"760" 485 512 498 494 505 495 464 482 508 516 494 536 508 507 512 482 493 495 489 538
"761" 490 497 518 495 485 513 505 493 482 501 519 492 485 494 488 503 517 519 489 500
"762" 469 516 530 516 497 518 488 499 490 495 515 515 500 480 511 484 509 552 497 495
"763" 471 497 486 512 492 473 495 504 509 517 508 468 500 507 518 499 507 505 516 515
"764" 503 495 473 510 493 520 516 488 511 502 534 503 524 504 539 517 502 499 487 487
"765" 499 498 501 493 520 506 489 501 506 488 508 505 483 503 530 517 485 496 506 490
"766" 520 471 499 501 491 515 496 466 514 508 469 509 499 492 495 486 500 523 496 519
"767" 507 501 493 518 511 499 499 502 496 465 481 491 498 490 489 529 514 537 513 484
"768" 506 523 541 491 505 501 504 517 485 488 491 483 512 483 511 503 497 483 509 499
"769" 509 479 494 493 477 496 472 486 509 486 481 524 487 531 505 481 474 469 495 476
"770" 493 500 521 484 495 494 500 479 505 496 516 519 484 478 482 472 516 486 497 518
"771" 478 509 481 496 535 495 489 480 498 496 485 493 510 480 504 499 503 485 492 533
"772" 498 495 506 491 497 508 504 478 465 521 511 508 519 485 506 499 513 528 489 504
"773" 502 486 490 493 485 496 496 488 455 514 481 488 509 471 506 521 494 499 482 502
"774" 497 489 518 490 483 492 498 498 513 479 510 503 523 492 537 514 508 504 525 503
"775" 510 496 537 517 512 519 498 459 523 511 497 493 460 502 534 523 486 506 480 500
"776" 468 509 508 486 520 499 473 513 511 484 521 537 489 513 503 519 509 473 495 488
"777" 501 537 506 474 481 486 477 493 515 493 458 476 480 495 520 463 479 528 505 488
"778" 484 510 488 509 508 507 503 512 513 536 488 495 519 522 503 501 516 503 499 492
"779" 492 537 519 502 531 505 508 503 525 518 510 536 505 513 497 499 506 501 483 493
"780" 501 482 494 490 492 462 524 489 507 506 514 511 496 507 527 504 477 521 496 496
"781" 499 483 511 498 490 489 503 483 484 501 533 476 509 514 505 504 488 483 504 503
"782" 514 517 508 509 506 495 484 492 502 502 513 510 509 484 485 534 486 495 551 521
"783" 482 517 468 502 506 499 484 525 491 506 517 500 495 494 495 484 519 492 496 523
"784" 494 523 503 495 496 506 490 490 489 506 491 497 530 499 484 490 501 487 471 526
"785" 492 483 503 510 488 507 463 479 503 488 515 464 511 508 515 487 484 512 519 472
"786" 499 491 534 500 494 501 473 504 496 488 489 522 499 504 509 503 520 527 502 492
"787" 541 478 477 507 470 487 489 514 485 485 496 464 503 518 512 527 500 488 503 481
"788" 465 492 485 498 502 507 537 509 503 499 496 502 517 518 464 518 474 487 483 500
"789" 502 474 493 523 512 524 519 488 514 521 527 502 523 528 486 495 520 507 535 493
"790" 498 492 482 502 496 499 532 493 494 499 485 521 493 474 501 499 507 536 506 496
"791" 499 496 501 528 495 509 497 522 497 496 493 487 511 493 507 479 526 523 511 504
"792" 497 502 481 493 485 479 517 520 494 487 474 491 480 509 531 515 498 505 501 505
"793" 513 510 506 488 507 502 503 492 498 481 484 494 501 478 498 501 502 494 483 477
"794" 507 512 516 501 500 507 491 513 493 520 526 511 490 476 510 500 505 486 483 509
"795" 487 523 492 477 494 543 514 493 470 510 480 500 491 496 498 502 496 470 520 510
"796" 489 490 516 522 516 492 504 506 509 491 500 510 472 498 506 475 484 497 477 472
"797" 481 540 510 499 523 511 503 499 506 537 509 536 488 492 464 497 507 501 499 500
"798" 485 525 508 487 477 534 503 481 518 488 515 482 487 522 495 488 492 482 538 532
"799" 509 480 482 488 511 494 504 512 498 497 512 477 467 513 497 492 503 483 513 462
"800" 505 521 515 487 498 477 521 484 495 493 500 506 520 510 495 503 516 517 522 502
"801" 489 526 525 515 488 465 476 477 510 497 487 498 488 497 514 511 498 518 510 489
"802" 505 521 529 518 519 491 487 503 478 508 501 525 485 494 486 498 509 517 521 487
"803" 502 518 521 515 488 506 520 480 490 502 469 507 481 495 501 496 493 483 483 505
"804" 508 518 515 537 488 516 493 523 493 482 488 503 485 497 523 491 516 475 492 530
"805" 499 480 481 489 499 484 508 505 500 505 534 510 524 490 489 503 489 479 500 510
"806" 498 479 488 490 483 508 483 504 510 511 474 486 504 497 510 483 514 492 524 496
"807" 505 501 467 508 487 517 505 505 518 488 488 493 510 487 547 494 485 502 505 516
"808" 504 503 505 492 496 500 489 476 508 487 500 496 486 492 500 490 505 496 477 519
"809" 491 503 488 497 493 502 500 510 539 490 495 509 502 476 507 498 550 475 508 494
"810" 473 471 518 492 479 494 531 493 525 505 492 508 505 486 501 480 502 482 490 479
"811" 509 483 500 495 496 507 509 469 519 473 476 498 492 487 496 488 498 535 497 497
"812" 527 509 495 526 496 482 539 507 515 531 472 483 507 486 510 516 535 509 509 500
"813" 494 506 506 484 483 517 471 499 507 504 518 496 525 504 475 509 489 474 517 521
"814" 510 518 514 517 503 491 498 519 508 501 507 501 485 451 525 528 521 476 489 496
"815" 480 499 510 496 519 534 518 498 501 509 478 504 490 503 498 525 512 514 469 510
"816" 503 529 490 485 537 515 510 480 505 491 502 483 490 491 488 520 517 518 492 479
"817" 519 477 496 526 497 504 488 495 490 477 508 515 528 446 491 482 482 523 503 477
"818" 493 530 496 528 492 505 488 507 490 515 494 503 502 489 482 523 500 502 504 494
"819" 466 493 495 516 504 504 488 474 534 491 503 501 465 510 507 478 482 511 483 508
"820" 512 514 478 479 483 504 509 476 499 537 533 499 515 529 512 490 508 537 499 476
"821" 504 494 481 496 507 511 505 517 518 490 503 470 512 493 473 496 500 512 481 527
"822" 479 507 489 522 512 459 453 483 487 521 500 492 505 504 502 496 513 482 501 476
"823" 506 503 490 491 482 475 483 496 483 515 507 511 522 518 499 481 475 503 491 496
"824" 476 492 520 495 530 503 497 511 478 487 512 504 490 478 515 487 492 464 474 518
"825" 474 502 502 505 497 490 498 490 521 483 485 513 504 488 504 526 479 509 483 508
"826" 510 519 485 473 478 491 481 477 496 517 457 518 513 500 497 510 509 508 499 478
"827" 504 498 515 505 505 480 478 509 518 518 525 500 503 496 488 498 516 504 496 478
"828" 509 491 513 495 503 498 502 489 508 496 509 499 503 496 508 493 493 485 518 495
"829" 480 518 495 481 495 518 510 489 489 497 485 495 504 506 489 493 503 503 491 508
"830" 509 467 481 526 484 500 510 500 494 508 492 475 496 481 492 502 490 512 487 521
"831" 501 470 494 513 494 498 486 489 488 517 516 513 535 500 489 478 505 522 513 511
"832" 497 496 484 485 515 482 509 510 497 507 520 517 499 511 495 501 507 493 478 536
"833" 486 494 516 480 508 513 510 494 526 493 494 502 520 506 486 516 510 502 506 529
"834" 496 509 479 477 503 502 507 484 516 489 480 515 522 517 528 499 501 456 485 514
"835" 509 503 489 507 516 486 489 490 501 500 508 523 492 497 523 494 510 483 476 483
"836" 523 506 496 489 482 478 513 518 506 460 493 502 512 494 503 516 457 492 500 508
"837" 497 515 517 495 478 524 521 526 508 516 476 503 479 516 494 485 497 528 474 519
"838" 497 522 532 509 463 492 479 500 493 479 499 518 481 520 492 506 480 520 479 496
"839" 490 485 485 492 499 472 495 504 488 510 498 496 512 505 520 494 496 525 500 483
"840" 498 520 520 516 532 499 503 501 506 508 492 487 497 483 481 470 486 489 503 514
"841" 521 509 485 484 503 511 491 506 483 525 473 486 482 513 492 481 492 513 479 506
"842" 511 479 495 507 516 514 502 488 490 497 500 492 473 506 500 496 486 530 491 496
"843" 489 503 483 530 493 501 505 484 511 517 487 487 515 511 514 509 494 500 481 517
"844" 498 479 493 524 455 495 496 475 486 517 519 521 515 489 519 508 522 522 503 488
"845" 494 474 483 485 500 483 477 527 507 522 474 507 494 479 489 503 490 505 518 497
"846" 508 491 490 510 520 469 505 498 492 515 490 533 496 520 481 501 473 510 463 500
"847" 492 496 514 492 523 505 483 500 508 496 488 516 494 498 523 498 517 509 492 507
"848" 478 526 492 461 523 481 515 540 504 481 487 535 482 505 511 523 508 499 532 499
"849" 487 491 526 493 494 489 488 501 505 487 511 487 483 494 503 510 506 513 499 506
"850" 524 489 490 532 486 499 497 525 483 515 501 469 500 492 492 491 496 512 518 493
"851" 486 504 488 502 489 516 506 493 495 515 521 524 506 511 517 501 491 489 492 524
"852" 498 498 498 474 481 474 507 516 516 477 502 510 501 495 494 490 511 501 490 493
"853" 474 519 481 501 511 516 481 483 483 480 493 493 490 484 486 535 483 485 502 460
"854" 527 489 475 522 494 517 519 486 479 502 502 520 474 507 486 488 496 527 520 499
"855" 494 486 492 499 522 497 485 509 508 475 521 496 498 530 478 491 479 523 480 512
"856" 496 469 438 516 503 525 516 483 467 502 506 478 489 486 489 498 497 510 512 494
"857" 475 486 495 506 529 514 482 478 498 517 514 505 503 502 500 479 491 525 508 497
"858" 505 458 512 512 478 497 498 503 516 508 487 509 522 504 489 495 501 512 488 518
"859" 519 506 495 480 519 495 501 509 492 501 513 488 498 473 511 496 510 503 499 476
"860" 483 507 496 503 506 485 491 497 490 484 521 492 517 493 509 482 482 521 508 475
"861" 514 477 492 502 505 493 504 533 491 502 512 499 515 499 514 508 496 485 487 517
"862" 494 504 460 483 498 494 526 502 470 502 507 508 497 503 467 491 532 504 513 513
"863" 505 506 488 482 534 502 515 499 480 481 518 521 494 496 527 506 520 471 510 490
"864" 511 524 470 507 520 476 501 500 506 491 470 483 491 497 509 498 490 474 494 512
"865" 517 543 502 495 528 502 503 484 518 477 506 479 503 511 512 503 499 519 483 491
"866" 522 518 498 494 515 483 513 502 473 464 516 493 481 487 531 484 517 513 482 505
"867" 484 495 478 527 502 497 493 472 497 492 499 500 485 477 516 501 506 497 502 527
"868" 497 479 519 504 489 497 503 503 486 533 497 475 536 481 510 493 504 513 492 496
"869" 469 509 517 484 512 503 512 499 494 496 464 518 504 499 498 506 494 515 507 495
"870" 504 505 511 507 461 476 496 509 490 463 485 493 496 507 506 484 484 502 478 493
"871" 498 475 499 491 484 503 508 491 497 479 498 492 481 537 511 500 500 508 502 504
"872" 508 507 504 505 491 543 508 524 488 502 507 516 468 515 490 506 498 503 493 485
"873" 481 505 521 502 493 488 489 475 507 500 480 514 498 519 480 506 505 519 525 504
"874" 515 483 506 478 502 521 523 463 512 493 502 510 486 529 460 492 520 480 509 505
"875" 518 489 489 493 503 487 505 501 493 497 520 494 516 467 470 502 490 501 527 507
"876" 518 498 511 527 516 466 501 499 481 513 510 510 517 513 496 486 493 504 500 496
"877" 494 511 513 489 491 517 494 493 523 511 502 514 532 502 511 478 508 520 505 532
"878" 487 473 516 487 521 513 500 508 489 489 498 491 483 477 522 514 503 492 508 500
"879" 496 472 533 492 491 488 478 501 484 482 535 480 502 492 500 492 500 512 528 515
"880" 496 537 484 488 518 497 517 498 472 524 496 517 517 506 520 471 491 514 480 521
"881" 517 522 525 505 488 516 504 474 497 515 501 486 497 496 500 519 512 479 520 510
"882" 490 510 508 481 489 503 487 487 495 483 502 516 476 502 478 499 502 511 477 496
"883" 485 503 500 508 516 495 470 518 520 462 485 553 506 489 510 477 527 493 502 484
"884" 487 488 487 513 498 501 479 507 472 496 489 487 547 517 506 464 490 492 488 514
"885" 488 520 498 467 513 487 500 501 510 480 478 509 478 518 510 486 515 473 496 489
"886" 502 475 476 509 515 498 503 514 515 480 504 496 531 502 499 490 477 499 492 515
"887" 532 506 531 508 508 516 494 480 475 506 485 491 503 511 507 481 503 492 460 490
"888" 491 470 526 477 481 516 514 473 507 521 493 500 470 482 521 495 508 522 528 480
"889" 487 487 491 502 500 516 492 485 503 486 491 491 492 481 509 487 519 519 496 508
"890" 524 510 491 511 498 498 481 466 508 505 493 523 515 493 478 481 531 500 501 489
"891" 487 509 498 502 459 474 499 517 540 504 516 530 481 520 519 501 511 492 491 520
"892" 474 499 492 485 498 475 514 491 508 496 503 520 480 496 483 509 496 489 518 535
"893" 478 528 512 507 493 518 486 506 501 485 487 511 517 503 497 503 498 476 503 504
"894" 491 497 495 512 496 514 494 483 494 489 494 516 462 509 518 514 502 471 466 476
"895" 495 507 501 502 495 494 507 506 514 520 501 515 521 501 513 512 509 504 499 526
"896" 498 531 494 503 490 480 519 485 505 487 507 479 489 501 538 499 491 536 505 511
"897" 511 496 517 525 496 475 477 534 502 528 486 487 494 533 479 505 493 475 476 504
"898" 475 515 512 512 490 495 483 491 505 492 495 490 494 515 513 493 498 542 512 470
"899" 481 496 496 492 500 488 477 471 487 502 510 513 476 491 483 486 513 502 517 513
"900" 523 514 482 503 467 531 481 497 490 508 468 499 518 489 477 512 483 502 490 492
"901" 502 477 493 515 523 514 503 501 513 527 496 480 519 511 538 515 526 528 488 495
"902" 509 501 487 525 488 492 489 496 514 497 531 516 518 526 468 487 518 495 495 485
"903" 508 517 503 474 508 493 485 497 523 470 482 493 477 518 491 514 494 476 510 514
"904" 497 484 488 493 493 490 470 487 484 488 510 521 514 506 505 507 481 491 492 513
"905" 495 531 518 498 506 480 488 489 488 479 493 530 516 506 514 516 484 505 490 518
"906" 510 469 515 510 499 485 517 516 480 482 504 490 486 505 542 503 506 517 517 478
"907" 483 511 519 495 517 525 536 510 518 503 494 497 491 486 514 514 509 477 499 503
"908" 511 494 496 470 495 493 523 477 515 503 512 515 514 485 493 525 482 498 496 524
"909" 480 514 488 496 514 498 502 528 489 512 502 503 500 497 518 489 501 497 520 495
"910" 504 492 492 474 486 490 520 490 503 497 490 473 502 505 502 506 500 479 506 477
"911" 473 472 499 514 502 496 487 495 508 503 517 456 514 487 462 473 537 522 486 523
"912" 511 524 469 505 501 514 506 507 510 490 486 525 493 500 500 492 501 509 523 498
"913" 493 504 515 510 506 503 484 504 487 521 481 513 501 500 497 520 507 489 517 489
"914" 492 518 486 492 497 507 510 485 505 485 502 493 518 510 527 518 508 505 518 482
"915" 515 508 497 507 504 501 498 520 490 519 481 513 514 521 472 507 515 508 494 503
"916" 501 497 526 516 477 459 471 497 496 536 487 525 488 510 483 474 491 478 498 527
"917" 495 506 477 481 497 529 505 519 474 452 493 503 497 520 481 507 537 501 490 478
"918" 495 499 489 488 510 474 500 486 505 509 479 487 494 504 500 504 509 482 473 501
"919" 512 510 539 510 499 479 520 521 507 495 476 499 485 499 509 509 490 511 480 513
"920" 495 504 464 514 493 540 532 492 481 475 507 492 509 516 513 504 521 490 514 488
"921" 505 499 484 505 479 468 523 489 496 521 508 496 484 500 493 497 496 510 490 475
"922" 512 512 494 497 495 487 498 517 527 501 476 464 477 500 506 487 497 496 489 506
"923" 484 516 498 499 492 506 517 489 504 479 521 489 514 462 505 474 489 480 497 504
"924" 503 489 516 487 503 514 487 487 486 503 495 476 500 528 519 492 510 505 492 523
"925" 510 517 479 510 492 542 510 512 497 489 501 487 494 509 484 522 501 507 453 505
"926" 532 485 466 504 505 501 513 534 496 500 496 512 470 512 494 494 525 469 498 489
"927" 508 506 508 502 521 511 526 525 513 503 507 475 502 498 500 509 508 490 507 493
"928" 510 509 496 489 509 528 504 487 465 506 495 494 490 513 477 468 482 519 480 517
"929" 501 493 523 473 496 477 515 497 501 501 525 495 493 488 484 510 507 478 517 519
"930" 509 502 528 510 502 520 513 484 517 499 480 505 499 471 521 497 503 509 477 499
"931" 497 519 488 500 509 520 522 498 518 501 493 511 504 510 494 497 478 507 494 489
"932" 475 494 501 508 515 512 505 510 502 505 509 499 482 527 498 517 514 477 507 501
"933" 537 488 484 505 495 492 516 537 474 507 500 513 510 524 479 510 503 504 522 518
"934" 516 490 508 481 482 485 480 492 486 492 508 470 516 495 486 509 499 489 492 520
"935" 491 521 532 504 498 483 497 505 490 491 485 491 460 492 495 479 476 507 505 526
"936" 495 494 487 513 535 500 496 484 524 509 513 498 486 494 487 477 504 487 482 527
"937" 519 491 529 492 488 505 516 519 526 495 498 502 502 485 501 495 486 502 490 487
"938" 496 520 476 505 506 484 511 471 495 514 512 497 481 487 485 498 503 467 512 514
"939" 474 491 484 447 474 505 505 500 489 507 508 489 495 481 510 498 510 479 515 503
"940" 491 489 503 496 506 495 518 470 496 471 499 484 483 492 511 495 512 520 507 481
"941" 497 489 492 486 522 499 491 513 475 510 484 494 477 516 516 521 534 481 467 490
"942" 521 542 501 495 504 482 534 501 506 502 486 500 497 520 497 506 497 517 510 516
"943" 485 493 503 521 483 471 501 517 503 509 478 517 493 495 513 499 485 520 489 530
"944" 511 475 525 524 488 505 511 500 494 499 513 483 518 491 472 505 524 484 501 522
"945" 504 505 507 492 474 539 504 535 518 489 496 529 505 503 471 468 478 512 514 498
"946" 501 505 506 515 485 480 486 495 492 504 513 502 484 504 512 512 511 518 490 473
"947" 487 497 487 515 516 482 488 499 532 478 493 513 518 484 497 499 486 503 494 496
"948" 510 475 483 512 512 504 497 527 506 512 498 501 503 467 517 481 501 481 508 534
"949" 513 514 477 470 490 507 497 502 506 518 518 528 483 517 509 508 512 484 491 491
"950" 475 508 486 488 498 498 481 491 488 507 512 483 514 532 533 509 500 492 538 498
"951" 487 507 494 494 485 520 494 491 482 474 496 509 504 490 479 494 505 510 476 521
"952" 492 501 489 497 491 513 499 479 497 484 474 504 514 512 505 460 500 499 511 488
"953" 471 465 488 493 505 497 525 488 542 517 466 461 493 500 482 506 525 489 464 503
"954" 509 485 484 505 518 509 475 482 513 513 508 459 511 479 496 490 499 500 500 503
"955" 516 498 455 547 515 504 462 491 532 490 519 488 508 503 507 494 502 519 487 512
"956" 487 482 503 517 503 472 507 480 506 509 501 488 500 483 485 505 507 507 489 515
"957" 498 499 495 534 495 496 506 517 501 488 494 491 519 506 510 524 468 504 484 525
"958" 495 539 509 511 512 508 496 504 518 495 482 490 502 514 499 490 473 501 482 475
"959" 511 510 500 507 481 490 473 487 483 504 523 494 527 502 508 526 491 517 482 486
"960" 481 498 500 506 495 504 497 485 500 481 509 523 493 516 513 521 502 489 532 468
"961" 507 466 503 518 469 492 518 475 494 531 496 511 508 501 500 481 492 491 514 509
"962" 513 488 489 494 475 505 484 503 509 491 499 478 462 524 509 495 479 525 506 523
"963" 489 496 486 478 512 521 487 477 520 498 483 517 490 493 504 507 502 491 534 482
"964" 477 519 506 504 504 497 485 492 500 500 506 520 528 501 513 496 489 531 501 515
"965" 504 495 483 524 496 493 485 505 462 487 470 502 495 510 493 493 509 515 484 519
"966" 514 500 469 537 505 522 508 522 513 505 515 502 502 512 466 510 546 510 485 489
"967" 518 510 475 475 505 477 504 512 499 504 485 466 495 470 492 526 499 500 515 497
"968" 502 498 546 497 494 493 449 517 515 511 531 478 500 493 491 494 480 514 508 508
"969" 482 476 527 540 483 519 523 491 527 492 534 504 472 521 479 498 512 471 487 500
"970" 513 518 473 448 514 501 493 501 500 538 512 523 510 498 544 481 497 495 498 484
"971" 513 522 495 483 523 486 499 482 488 506 513 503 485 494 478 493 497 515 526 513
"972" 477 511 493 505 491 490 474 493 497 493 493 527 495 498 507 489 500 488 519 499
"973" 523 507 501 506 499 516 482 495 490 501 490 490 490 509 518 505 483 525 523 502
"974" 489 493 491 509 468 510 490 494 494 489 489 488 535 487 511 507 516 510 498 498
"975" 515 524 539 472 508 531 513 491 473 509 482 527 478 511 500 480 519 490 498 515
"976" 488 509 480 518 498 516 515 507 511 486 493 495 527 503 499 493 530 489 499 511
"977" 499 496 510 503 500 474 493 494 486 472 527 516 492 469 519 477 473 516 506 506
"978" 502 476 519 516 499 484 490 495 518 497 451 498 505 503 486 498 494 515 495 487
"979" 500 489 509 489 497 487 483 481 517 505 537 473 499 491 520 497 496 488 479 462
"980" 499 495 494 494 502 516 490 524 496 502 506 505 489 479 505 493 495 503 498 501
"981" 540 491 513 462 511 517 521 506 502 521 501 492 514 499 485 485 522 502 494 466
"982" 477 512 497 518 509 498 489 495 493 535 493 506 506 507 487 499 514 490 492 514
"983" 489 495 509 500 501 486 485 485 501 484 498 485 489 509 506 491 522 490 478 509
"984" 504 508 503 535 469 514 502 486 489 516 498 493 494 501 497 501 508 503 504 498
"985" 503 502 506 516 497 497 486 501 511 483 491 490 516 498 494 488 507 504 513 511
"986" 509 475 497 479 514 523 522 505 478 521 558 508 503 497 485 478 490 498 478 518
"987" 469 513 509 501 515 514 473 517 502 488 472 518 503 491 489 482 508 509 494 491
"988" 508 498 482 519 525 495 500 515 510 472 494 522 477 504 476 507 505 491 485 513
"989" 473 504 500 493 494 479 496 507 486 502 493 491 462 514 482 513 506 524 509 509
"990" 510 518 513 519 528 458 483 514 515 512 523 514 529 530 486 505 512 526 501 508
"991" 507 506 489 484 501 494 489 517 486 496 488 500 501 485 496 494 519 510 516 487
"992" 525 515 520 476 486 492 516 514 505 478 499 480 510 490 514 527 532 517 518 497
"993" 499 511 474 504 513 503 533 498 467 477 490 469 518 499 489 507 501 507 514 490
"994" 525 500 502 498 504 517 498 500 516 513 485 507 508 486 553 491 492 517 498 512
"995" 503 459 508 503 481 505 493 509 447 500 491 500 512 542 511 519 512 542 511 479
"996" 488 463 484 503 503 507 510 503 486 503 478 494 491 515 498 501 494 501 513 512
"997" 492 503 506 486 504 501 481 520 503 505 526 522 496 487 517 496 515 510 515 507
"998" 507 510 508 508 503 472 502 502 498 495 492 472 488 480 514 515 468 513 498 483
"999" 527 528 496 506 485 494 529 511 510 519 502 520 512 511 508 505 494 527 495 477
"1000" 492 490 491 474 495 467 468 494 496 529 496 500 486 482 534 506 508 486 525 496
