"1" "2" "3" "4" "5" "6" "7" "8" "9" "10" "11" "12" "13" "14" "15" "16" "17" "18" "19" "20"
"1" 502 505 512 501 512 493 494 500 501 502 502 499 513 491 479 502 494 496 503 485
"2" 502 502 497 504 490 507 502 501 497 499 499 488 483 498 494 499 496 480 494 510
"3" 480 494 509 498 489 486 504 494 500 525 495 504 493 502 501 501 494 489 507 505
"4" 497 506 491 501 502 508 492 491 514 518 494 511 508 488 504 512 500 515 500 497
"5" 518 505 508 502 494 498 501 508 509 502 505 506 503 499 506 508 504 498 500 494
"6" 495 497 482 494 511 499 509 509 488 488 496 514 495 505 492 505 499 500 499 492
"7" 501 496 507 492 511 500 507 489 491 505 505 511 505 495 498 501 513 496 504 502
"8" 492 508 500 493 495 493 507 496 503 493 511 528 503 479 497 513 497 505 515 510
"9" 499 507 497 503 489 507 513 494 511 503 503 494 505 505 498 512 497 504 500 495
"10" 512 504 499 492 505 508 503 499 524 507 483 522 508 484 507 500 479 487 503 505
"11" 486 505 506 506 496 502 491 515 519 508 499 526 499 488 481 500 484 516 500 504
"12" 501 503 499 505 508 498 500 513 515 498 497 504 513 500 495 505 493 511 498 498
"13" 499 480 507 497 507 509 506 498 523 516 494 511 499 514 513 496 501 501 501 494
"14" 498 511 499 484 494 512 502 509 510 502 515 519 502 487 499 500 497 488 505 493
"15" 504 503 485 512 509 511 501 501 509 489 496 513 495 489 500 502 497 503 512 505
"16" 496 511 485 500 506 480 504 495 521 511 492 512 493 498 491 506 501 517 497 489
"17" 499 503 500 496 494 499 500 499 488 497 504 493 498 489 486 498 510 496 498 502
"18" 503 505 487 494 494 497 505 510 504 499 510 507 497 508 494 503 499 494 502 509
"19" 507 498 496 508 502 500 489 510 518 520 495 515 505 482 500 513 490 498 506 486
"20" 494 513 501 495 490 504 505 508 505 505 485 482 495 484 486 501 498 498 495 498
"21" 500 504 500 506 500 505 500 494 505 495 508 496 516 490 499 497 497 498 504 505
"22" 492 502 514 510 509 503 507 509 491 504 518 519 513 496 501 521 489 488 506 502
"23" 499 505 498 500 493 499 508 499 505 515 498 484 515 504 495 510 503 504 495 506
"24" 507 496 500 491 491 502 506 501 485 497 514 493 510 481 480 507 496 506 500 493
"25" 506 514 508 482 484 491 486 504 497 496 494 491 511 492 495 502 505 504 490 503
"26" 501 510 501 501 501 502 505 514 502 520 498 493 503 501 489 516 508 501 498 491
"27" 505 494 487 499 506 494 498 502 484 514 494 501 494 493 502 515 491 502 508 504
"28" 497 511 495 501 502 500 503 490 494 523 492 502 511 511 492 511 509 499 501 506
"29" 501 501 501 504 505 501 497 516 510 508 501 526 501 494 489 506 491 512 486 511
"30" 491 497 497 496 491 500 486 497 525 505 508 496 514 484 499 506 490 498 510 498
"31" 497 500 512 500 501 489 507 507 514 501 505 485 507 507 493 504 496 485 493 498
"32" 509 496 495 500 496 505 498 510 506 514 507 502 505 495 497 498 485 497 496 512
"33" 494 503 513 499 501 500 504 499 530 506 493 489 509 492 499 509 500 504 511 506
"34" 492 488 507 494 493 511 505 494 493 514 490 489 505 501 502 497 498 493 499 496
"35" 491 519 491 499 497 498 497 502 498 504 510 515 497 499 485 505 510 489 487 487
"36" 492 489 485 487 494 497 499 500 507 507 511 511 492 494 490 496 504 503 502 508
"37" 497 496 502 508 497 506 494 515 501 506 494 490 493 495 493 501 511 497 510 504
"38" 494 504 491 499 503 500 492 496 505 506 495 502 502 486 501 506 489 501 490 490
"39" 513 514 500 501 506 490 502 493 505 495 516 510 511 500 495 501 492 507 510 503
"40" 503 504 503 499 494 516 512 495 522 487 497 493 497 488 491 515 494 519 487 505
"41" 502 510 508 496 500 504 506 492 509 509 498 511 496 508 490 508 489 497 481 501
"42" 499 499 484 487 501 483 498 509 487 495 503 508 501 498 499 508 490 500 500 490
"43" 507 509 488 508 494 478 500 485 504 501 493 508 507 496 505 501 490 523 503 498
"44" 497 499 495 496 504 486 501 502 497 518 491 491 482 484 497 497 507 512 498 504
"45" 496 509 489 493 494 509 512 510 508 507 500 515 493 491 490 493 493 501 511 519
"46" 500 503 501 506 517 492 508 504 521 489 500 491 507 488 502 494 492 510 496 496
"47" 499 513 489 488 499 504 502 509 503 505 509 520 501 504 497 511 501 490 506 491
"48" 506 497 504 494 500 507 509 506 513 499 495 497 509 504 500 492 501 495 511 490
"49" 485 512 498 506 487 485 500 501 496 495 509 517 487 506 495 506 496 517 498 508
"50" 512 495 496 490 504 507 489 507 498 526 504 481 497 500 496 492 493 491 496 492
"51" 505 501 506 493 494 488 490 508 483 511 504 492 498 494 489 504 506 502 502 494
"52" 480 496 499 489 496 500 498 500 499 504 502 505 511 481 490 510 495 517 494 495
"53" 510 503 501 504 509 506 494 519 484 503 506 491 509 497 500 503 489 502 511 515
"54" 503 492 507 502 503 501 501 509 504 519 507 523 490 495 495 504 504 510 508 507
"55" 511 496 501 498 507 500 495 505 509 490 514 484 508 505 491 512 506 494 482 489
"56" 508 500 485 507 493 482 499 498 497 501 496 509 504 496 484 517 504 510 503 504
"57" 494 502 504 502 491 507 503 486 495 503 508 483 499 498 485 504 508 505 498 504
"58" 500 495 476 490 503 498 510 505 499 510 496 484 498 490 490 499 499 509 484 506
"59" 511 513 506 503 515 482 498 487 502 509 511 499 501 482 494 505 507 490 509 506
"60" 499 496 501 496 489 504 506 501 491 506 500 509 498 495 494 511 497 500 507 496
"61" 496 499 503 500 494 484 502 509 482 506 507 500 503 481 493 508 495 504 502 500
"62" 491 490 483 496 499 507 502 496 488 515 500 480 519 492 503 516 494 503 501 493
"63" 501 498 499 503 497 504 512 506 505 509 502 473 501 502 496 508 498 504 504 513
"64" 515 509 498 503 495 500 503 507 508 492 496 487 505 500 504 503 503 489 501 509
"65" 508 496 491 507 498 503 490 494 523 499 505 490 500 487 493 496 501 491 513 497
"66" 487 510 510 493 489 490 493 511 503 502 494 486 506 505 477 514 499 512 499 499
"67" 493 493 510 491 503 491 509 504 498 516 512 497 498 499 498 507 488 497 508 502
"68" 510 501 497 498 498 512 495 512 514 497 499 521 508 492 501 504 496 505 505 502
"69" 500 506 483 503 495 489 503 510 490 510 500 490 489 492 502 484 499 503 500 504
"70" 507 508 500 501 499 501 496 500 503 514 510 503 512 495 509 499 501 502 492 507
"71" 496 499 512 494 510 507 498 510 521 512 492 499 490 503 498 513 499 508 501 502
"72" 492 509 496 479 494 497 497 485 481 506 494 523 497 481 505 504 498 505 501 489
"73" 512 513 502 496 492 503 511 509 509 497 500 488 500 501 487 503 489 509 488 497
"74" 505 508 509 511 494 484 492 505 515 505 506 494 486 502 494 497 501 507 500 505
"75" 499 501 509 492 494 511 497 486 497 518 498 485 497 505 499 521 495 496 491 508
"76" 494 500 502 507 497 491 510 514 506 505 488 505 493 494 490 513 489 501 501 498
"77" 519 497 492 497 502 494 509 500 503 518 515 492 493 506 495 501 492 498 497 494
"78" 505 503 511 491 490 511 504 469 501 516 493 521 510 501 489 511 489 496 492 504
"79" 504 493 495 486 505 506 512 504 514 501 493 515 497 494 482 501 492 508 500 497
"80" 503 502 491 507 490 501 504 502 495 513 502 515 491 503 492 508 505 510 505 499
"81" 499 507 497 504 500 483 498 504 511 520 494 494 497 508 500 504 502 494 509 499
"82" 493 507 512 493 505 506 494 493 504 493 498 516 477 505 500 504 493 506 490 507
"83" 501 502 490 495 500 501 504 502 497 499 501 507 494 503 501 498 489 515 520 488
"84" 514 496 498 499 499 481 508 498 507 501 502 496 502 505 481 506 508 498 495 495
"85" 492 497 502 502 486 498 494 504 510 511 500 508 507 511 499 506 485 504 508 488
"86" 504 515 513 503 485 508 510 495 497 507 501 522 489 499 495 493 476 489 513 508
"87" 507 508 502 492 496 506 498 507 505 515 501 508 509 495 470 504 508 499 496 499
"88" 498 505 504 498 496 500 499 505 498 507 503 494 510 506 496 500 512 493 508 494
"89" 488 501 505 501 495 487 513 508 511 508 498 512 488 488 496 514 485 513 501 504
"90" 509 499 487 500 495 514 490 499 503 492 509 518 495 500 489 499 498 508 499 516
"91" 492 504 506 494 502 504 509 487 505 504 504 483 480 503 500 502 485 509 503 510
"92" 492 501 502 500 501 490 493 497 508 521 502 504 493 498 481 504 494 502 506 492
"93" 501 504 502 496 501 485 506 512 504 506 496 509 490 499 506 511 505 493 494 499
"94" 503 503 505 494 507 496 501 502 516 507 496 493 507 505 493 490 495 499 497 509
"95" 496 505 500 502 510 497 503 506 484 508 491 497 492 507 493 506 485 508 495 497
"96" 482 502 489 505 495 499 500 496 502 524 502 519 512 504 491 510 487 496 488 498
"97" 518 512 490 487 491 491 496 506 500 505 505 490 494 499 501 497 489 513 506 508
"98" 489 505 502 496 502 509 503 490 504 508 516 490 503 486 476 509 493 486 511 505
"99" 500 506 505 500 491 500 497 503 508 515 509 515 511 501 486 505 494 508 509 502
"100" 483 508 497 496 500 486 515 501 504 505 512 497 508 498 488 500 482 486 500 502
"101" 497 501 504 501 489 497 496 506 495 538 501 492 498 483 498 507 481 511 495 515
"102" 497 490 503 500 497 500 488 504 509 495 492 497 488 497 498 502 490 511 501 511
"103" 520 493 509 510 488 508 499 510 511 511 497 515 493 487 509 498 495 516 501 510
"104" 497 501 502 489 492 495 493 494 496 504 517 497 504 495 509 504 495 514 500 489
"105" 506 516 505 497 497 494 511 498 503 499 518 505 509 501 496 498 502 514 514 495
"106" 494 516 499 494 500 518 491 505 497 503 515 497 503 479 513 506 504 507 516 510
"107" 501 517 495 495 504 508 489 509 492 509 502 490 513 493 494 508 506 485 492 504
"108" 494 507 486 493 492 480 498 523 495 500 503 521 499 502 500 497 486 490 506 503
"109" 498 498 492 490 502 484 487 510 494 493 496 502 495 485 502 494 499 506 499 505
"110" 501 518 491 509 482 500 499 484 507 514 495 485 515 497 490 503 501 494 484 515
"111" 496 505 500 485 495 505 494 491 496 512 498 509 499 496 490 506 497 493 496 497
"112" 492 508 514 501 492 503 500 509 485 499 516 513 497 504 501 516 489 509 499 507
"113" 505 505 494 506 497 498 500 500 512 517 503 514 498 485 499 504 504 504 506 498
"114" 493 499 511 508 491 495 493 491 497 512 493 519 478 490 487 499 504 501 501 510
"115" 506 493 503 513 509 482 493 502 510 505 493 502 502 500 495 508 494 490 498 497
"116" 505 504 503 502 499 508 503 505 510 498 505 512 497 500 500 499 503 504 503 509
"117" 495 515 494 493 490 506 502 494 510 514 499 497 496 496 487 504 497 499 505 510
"118" 493 505 502 496 499 507 507 506 512 505 499 493 497 506 507 522 496 498 497 492
"119" 505 498 493 487 491 501 502 504 507 509 513 505 495 489 505 501 507 505 489 497
"120" 494 500 506 501 508 500 499 489 496 509 506 494 497 491 481 504 496 500 493 500
"121" 497 503 497 485 502 487 503 508 493 497 494 489 498 503 501 504 514 507 505 490
"122" 503 497 503 490 493 498 498 496 514 511 499 505 505 485 503 497 515 500 502 505
"123" 495 508 498 497 494 491 510 504 511 493 504 516 505 495 479 503 502 502 513 481
"124" 489 504 490 504 489 491 498 504 515 505 511 490 499 509 493 505 498 498 501 493
"125" 508 496 498 503 505 495 493 492 495 505 506 488 500 498 495 512 495 505 493 514
"126" 504 508 493 486 484 496 507 501 500 499 505 489 491 498 496 501 513 509 500 500
"127" 491 494 493 502 489 493 506 507 488 503 497 495 498 497 501 506 501 508 500 499
"128" 505 505 503 496 501 511 506 503 502 514 497 507 489 489 491 507 496 504 497 501
"129" 498 508 509 504 487 502 512 499 511 503 501 515 495 501 505 493 518 500 502 509
"130" 496 504 513 498 499 517 513 488 515 501 507 493 512 495 474 503 515 492 519 487
"131" 488 508 506 485 503 505 494 520 506 492 488 494 498 478 496 506 490 500 492 497
"132" 499 502 494 495 476 507 509 508 506 510 506 521 511 503 497 501 484 505 501 510
"133" 501 515 497 502 498 495 517 499 498 502 501 521 487 498 493 499 490 509 502 506
"134" 515 499 496 500 492 502 506 501 524 512 494 513 500 491 486 494 496 491 506 499
"135" 501 504 496 489 507 505 506 502 491 512 499 493 493 491 492 514 492 509 504 516
"136" 508 516 496 499 493 505 499 503 503 514 500 502 499 487 513 518 494 492 502 507
"137" 508 519 506 498 493 508 505 508 486 509 490 489 502 490 496 515 497 491 511 491
"138" 502 507 494 504 495 499 497 508 483 506 510 497 493 495 494 514 489 497 506 499
"139" 502 507 511 490 500 490 503 503 495 512 502 506 501 492 493 509 496 499 506 497
"140" 509 508 502 499 500 496 494 497 490 497 510 513 503 494 489 507 510 512 494 504
"141" 499 501 490 492 498 503 503 490 501 508 498 518 511 488 489 505 484 511 494 481
"142" 490 498 492 496 492 485 504 496 506 506 485 522 503 505 503 513 495 514 491 498
"143" 513 500 497 495 515 506 504 501 483 516 517 524 512 497 480 507 491 504 493 506
"144" 501 502 491 493 494 482 503 498 498 515 502 519 489 494 485 499 499 498 504 496
"145" 514 500 499 492 500 486 491 502 503 519 500 509 485 505 495 509 502 502 495 512
"146" 501 501 496 499 506 508 503 494 497 508 498 480 502 502 507 511 491 502 495 497
"147" 504 510 512 497 500 491 488 497 511 502 512 490 499 492 494 503 503 506 502 503
"148" 493 506 488 489 502 493 504 506 500 498 498 524 504 496 483 494 499 502 491 504
"149" 510 511 492 488 492 494 503 478 508 519 500 487 483 490 499 501 502 496 495 500
"150" 509 508 499 496 502 504 506 500 511 523 500 491 500 504 497 509 503 490 511 500
"151" 502 509 506 494 501 487 496 491 490 513 505 511 490 509 505 511 491 512 506 494
"152" 505 493 498 491 515 505 504 503 504 502 496 502 492 495 506 509 495 495 496 509
"153" 492 502 488 497 504 494 502 496 501 498 499 484 499 493 498 502 508 498 497 511
"154" 497 501 498 503 493 495 512 505 497 499 491 492 511 484 512 511 493 509 495 501
"155" 497 504 508 504 493 479 493 495 520 507 513 525 504 493 483 501 492 493 483 507
"156" 495 503 497 502 499 481 503 504 502 511 504 488 493 496 505 503 491 495 504 500
"157" 508 500 500 499 488 476 494 498 485 504 504 515 483 497 506 493 500 513 498 504
"158" 500 499 495 504 503 505 510 500 492 506 503 486 511 486 481 485 506 497 501 506
"159" 500 503 504 500 498 488 506 500 504 509 508 505 509 493 493 503 485 493 501 488
"160" 509 510 504 494 503 502 512 512 512 508 513 513 505 491 503 504 483 502 505 491
"161" 498 498 500 494 494 497 497 502 505 497 503 505 505 503 489 501 498 510 489 503
"162" 503 503 493 515 502 497 511 492 500 520 496 511 501 500 498 493 482 511 514 501
"163" 492 501 501 493 503 495 501 508 488 500 493 511 502 515 491 496 488 502 497 516
"164" 490 503 500 505 495 508 490 502 488 504 502 515 506 495 499 498 503 514 495 499
"165" 502 506 486 505 496 502 492 503 520 509 497 512 516 507 492 499 510 504 498 508
"166" 515 517 496 507 497 499 494 512 517 504 498 490 513 492 486 504 501 506 499 508
"167" 502 489 485 502 495 501 492 502 505 513 492 508 516 508 490 507 498 509 485 508
"168" 494 496 509 490 497 497 506 506 512 507 514 517 495 499 494 508 517 509 503 496
"169" 496 500 500 497 493 506 502 500 483 512 495 514 499 502 503 507 498 495 488 503
"170" 494 498 506 512 489 493 496 493 514 500 500 496 498 506 493 497 496 494 511 502
"171" 501 503 508 505 504 484 503 501 491 504 501 509 491 479 509 484 507 500 488 511
"172" 499 508 496 471 495 511 501 501 516 505 505 509 507 504 495 512 477 504 504 504
"173" 487 501 502 502 491 488 504 502 512 519 498 513 503 498 496 493 493 499 500 506
"174" 504 503 493 484 496 498 502 496 524 513 505 491 500 501 502 491 493 508 501 519
"175" 510 507 503 484 501 479 501 508 506 498 524 518 510 488 498 505 502 509 514 507
"176" 503 504 509 509 507 500 493 499 509 519 502 496 492 499 485 494 500 498 499 511
"177" 506 505 513 499 501 503 510 487 509 493 491 494 493 495 504 494 496 503 508 500
"178" 485 516 510 505 505 501 492 506 500 517 502 497 499 494 505 514 510 507 498 503
"179" 498 498 487 497 494 497 501 499 489 497 495 487 502 482 498 506 512 498 500 510
"180" 504 486 499 494 506 504 506 492 500 496 499 500 506 487 492 515 485 505 489 497
"181" 520 499 487 488 485 504 506 501 495 501 499 509 503 496 494 498 500 507 490 503
"182" 499 493 503 489 494 503 503 501 488 494 500 512 517 496 508 522 495 497 492 504
"183" 497 498 493 512 487 502 503 495 498 513 504 505 514 502 496 488 494 482 497 499
"184" 505 509 513 500 491 499 503 499 512 510 497 494 494 498 490 513 492 492 504 509
"185" 511 508 491 496 489 495 488 505 504 504 489 488 512 495 494 512 491 501 500 495
"186" 505 506 492 489 498 496 511 501 511 512 502 509 503 505 494 502 489 500 504 496
"187" 491 497 511 505 489 510 494 495 507 503 497 488 480 488 490 516 504 511 482 495
"188" 512 492 502 507 505 506 495 497 491 501 499 493 486 481 505 505 513 499 492 495
"189" 492 496 490 509 500 509 496 494 498 504 497 495 499 492 496 510 482 502 511 506
"190" 495 494 503 497 494 515 488 505 519 498 501 491 506 482 478 495 495 504 501 507
"191" 495 503 487 489 512 496 512 500 512 515 495 522 497 481 488 508 491 492 501 509
"192" 500 498 495 499 509 492 497 503 507 509 494 517 504 494 493 489 506 496 510 491
"193" 498 498 501 497 497 489 508 507 496 508 500 514 484 481 496 513 490 509 496 491
"194" 490 498 504 493 498 499 504 501 520 495 517 499 500 495 496 488 498 487 504 485
"195" 509 496 493 496 499 501 496 506 509 495 505 499 507 493 497 524 494 504 506 509
"196" 481 507 505 502 503 507 495 511 500 499 491 513 493 505 511 510 487 499 492 510
"197" 499 505 507 499 500 490 504 515 512 506 511 509 503 491 473 494 509 494 494 510
"198" 498 497 491 484 498 501 503 505 495 504 494 516 500 493 505 511 492 507 491 511
"199" 499 499 499 502 500 503 508 507 513 512 498 495 488 491 487 497 515 511 500 506
"200" 497 495 493 489 499 505 505 504 501 533 494 503 502 501 472 513 509 509 504 502
"201" 512 500 489 490 487 476 519 512 500 514 512 510 493 497 497 509 503 498 506 495
"202" 492 516 488 504 503 504 492 505 503 514 497 494 499 500 486 506 490 524 507 501
"203" 498 503 491 506 515 502 479 507 502 501 505 491 494 493 500 498 502 513 497 502
"204" 495 499 501 497 504 503 506 504 509 507 508 494 489 506 485 498 508 499 502 505
"205" 491 513 488 502 502 496 495 495 519 496 505 494 500 488 495 505 486 511 510 494
"206" 509 492 500 495 498 510 504 501 503 511 486 511 497 482 494 502 501 517 502 503
"207" 478 509 500 498 501 503 512 503 504 495 489 489 505 498 487 500 508 496 506 498
"208" 505 512 492 501 496 494 496 492 505 503 501 518 499 499 500 500 490 517 488 502
"209" 489 505 498 507 492 503 498 487 523 502 507 498 511 504 485 507 486 501 490 508
"210" 517 492 505 499 489 500 504 499 510 506 498 500 489 510 504 496 503 509 500 489
"211" 494 497 498 498 492 497 503 494 494 507 499 514 495 499 493 504 488 489 499 487
"212" 483 509 502 502 492 499 496 499 518 496 497 507 509 488 487 490 508 479 505 500
"213" 497 503 492 498 516 491 513 495 503 516 497 510 513 505 497 511 502 498 487 512
"214" 502 508 509 498 494 501 507 501 502 515 488 512 494 495 490 493 500 515 497 507
"215" 497 507 491 492 496 480 492 487 512 514 509 488 500 501 503 505 511 484 493 503
"216" 502 502 491 498 502 509 501 489 504 507 494 497 521 498 504 492 494 511 504 501
"217" 499 519 505 508 502 501 496 494 504 488 496 505 499 489 495 495 499 517 504 494
"218" 495 498 502 503 499 502 488 504 526 500 498 496 501 513 498 499 498 505 506 481
"219" 500 507 503 496 501 496 507 501 491 521 493 507 499 506 489 512 479 492 511 492
"220" 493 498 501 500 498 493 501 521 499 501 500 511 502 495 518 502 491 507 503 496
"221" 491 506 498 478 503 503 505 501 497 514 498 490 487 496 496 510 500 502 507 494
"222" 502 510 511 501 502 497 495 506 494 512 497 495 510 496 496 517 501 499 518 506
"223" 493 505 505 505 501 510 506 499 485 495 514 513 500 493 497 498 488 505 508 506
"224" 500 495 506 499 493 501 497 499 490 524 502 519 498 485 496 509 505 513 501 499
"225" 497 505 489 495 501 487 497 515 501 510 493 488 495 498 501 496 500 501 518 505
"226" 503 508 497 493 495 487 501 497 496 516 504 497 493 490 507 505 496 510 505 490
"227" 495 511 507 492 502 509 498 505 501 510 490 524 486 498 494 505 490 492 500 497
"228" 511 497 496 502 499 505 511 491 504 494 506 502 514 498 510 486 489 481 505 503
"229" 500 513 486 498 497 509 503 490 517 509 508 502 509 501 493 492 502 504 495 499
"230" 501 499 495 510 483 484 516 508 489 504 491 515 486 492 498 512 495 493 500 502
"231" 499 498 511 504 506 499 499 487 518 505 506 486 503 486 498 505 509 501 499 513
"232" 519 503 493 495 501 507 497 494 506 497 508 487 498 500 497 510 502 502 496 503
"233" 496 499 505 511 510 498 517 502 495 506 512 516 491 511 484 508 501 506 506 501
"234" 502 509 491 492 502 508 501 505 499 495 500 482 494 501 487 496 490 502 512 490
"235" 504 498 484 492 502 496 505 502 508 504 506 493 510 487 503 502 492 513 494 493
"236" 492 505 504 492 502 498 516 491 494 501 495 518 508 498 485 498 507 506 509 500
"237" 482 519 477 488 491 501 504 496 496 507 500 478 496 497 477 513 495 506 494 498
"238" 493 507 499 494 495 489 488 492 511 517 491 514 506 502 490 515 492 495 491 507
"239" 505 500 488 490 500 499 505 499 501 501 496 490 483 511 504 500 489 501 506 497
"240" 514 510 515 495 504 498 497 506 524 512 499 517 503 504 482 507 503 503 508 501
"241" 498 496 488 492 498 498 488 510 502 508 494 491 503 502 499 512 493 495 506 509
"242" 487 506 506 501 504 501 512 497 521 506 489 516 508 495 499 518 489 502 490 506
"243" 515 502 497 502 497 510 510 497 497 500 514 506 486 489 496 496 506 501 492 520
"244" 488 510 506 501 495 493 504 500 494 514 505 519 491 506 499 498 491 487 503 512
"245" 508 506 505 503 501 494 493 496 499 502 505 511 512 496 498 496 501 495 489 511
"246" 505 507 504 501 506 495 498 502 487 509 491 523 518 499 500 503 492 510 490 494
"247" 505 494 498 500 507 480 500 497 514 498 491 505 509 496 497 504 493 504 504 509
"248" 505 500 490 490 486 502 510 488 495 493 499 496 500 490 499 507 494 485 510 501
"249" 500 505 486 486 495 507 501 507 516 507 491 512 513 500 490 496 503 517 506 519
"250" 496 497 501 481 497 491 496 484 491 514 491 515 494 508 493 510 503 496 507 502
"251" 505 506 500 488 493 504 501 495 518 510 520 488 496 507 503 503 500 504 502 486
"252" 490 510 511 504 502 496 510 501 508 501 510 501 502 488 491 506 493 492 496 493
"253" 510 508 499 504 501 499 519 517 497 508 493 497 504 496 511 500 494 508 488 490
"254" 499 498 499 494 494 505 485 494 494 507 493 505 509 486 486 505 495 513 498 501
"255" 502 496 507 500 507 487 509 502 512 501 495 511 501 492 497 499 491 491 502 495
"256" 504 502 500 504 493 497 502 482 500 506 495 516 492 492 500 520 500 493 506 492
"257" 504 502 486 506 493 481 510 490 505 507 502 517 498 498 488 507 502 506 491 493
"258" 492 501 513 498 504 505 491 498 510 495 487 514 492 503 488 507 497 486 508 492
"259" 498 510 511 498 497 510 510 499 493 501 480 511 492 509 499 519 506 512 496 507
"260" 517 505 505 506 509 488 507 500 500 488 506 485 498 489 490 506 507 514 491 507
"261" 490 507 492 477 489 493 489 502 520 517 498 516 506 499 492 503 501 501 512 493
"262" 494 509 493 511 499 500 501 502 499 498 489 505 519 502 492 504 497 492 496 511
"263" 494 504 501 497 504 505 498 491 506 508 496 496 500 497 506 493 518 516 511 507
"264" 488 509 509 499 501 505 505 511 504 513 511 520 501 506 484 509 495 482 498 502
"265" 516 508 502 494 490 505 491 497 515 511 489 520 505 498 499 491 501 495 497 497
"266" 516 497 503 503 503 504 506 493 516 508 511 508 515 496 497 497 508 501 498 506
"267" 504 520 502 506 498 507 502 512 491 505 508 493 484 505 495 507 503 503 489 505
"268" 502 515 507 502 515 498 497 502 491 509 498 491 505 505 497 505 497 504 496 508
"269" 496 519 500 494 499 502 511 505 486 517 517 488 515 490 498 500 490 508 507 512
"270" 484 504 510 494 490 492 495 502 522 511 501 503 509 491 498 511 496 517 495 500
"271" 498 501 515 512 487 501 500 505 510 524 503 506 499 481 494 508 502 496 499 505
"272" 508 499 496 500 508 502 503 496 512 493 496 501 500 501 513 507 513 518 491 492
"273" 505 512 508 501 488 512 489 506 503 506 498 505 498 499 487 500 504 508 512 495
"274" 502 507 493 503 496 486 508 496 499 513 504 515 506 486 482 500 485 508 503 498
"275" 514 508 502 502 507 506 510 505 506 508 499 492 505 503 490 508 503 513 506 494
"276" 497 503 512 509 504 511 498 491 500 493 507 493 491 490 497 517 516 505 502 492
"277" 511 504 494 500 498 503 501 505 516 511 506 489 498 495 492 501 494 501 492 505
"278" 498 502 504 505 494 499 482 503 506 501 498 503 508 493 505 509 497 525 497 500
"279" 517 500 490 497 487 507 511 498 497 502 499 509 522 485 502 498 495 498 508 507
"280" 495 492 494 503 502 490 504 501 514 513 507 496 506 498 496 510 501 499 506 507
"281" 507 490 482 503 500 499 496 492 497 520 517 493 496 509 493 513 490 507 497 505
"282" 493 513 506 499 490 492 493 499 498 514 494 492 508 492 496 498 493 502 503 504
"283" 492 503 505 505 503 477 494 507 505 498 502 511 511 500 474 496 497 502 502 503
"284" 490 495 500 496 484 501 508 508 525 510 487 489 502 491 501 507 511 507 507 497
"285" 491 496 499 500 505 491 503 503 493 508 498 496 504 494 510 506 509 479 496 509
"286" 506 502 506 504 493 502 520 494 508 507 501 506 514 481 489 511 502 516 511 507
"287" 499 498 500 504 500 516 500 512 514 509 497 489 507 501 496 516 495 513 496 501
"288" 489 494 505 496 508 491 500 513 504 506 507 491 506 504 507 508 490 488 485 483
"289" 520 514 512 506 509 500 495 500 495 513 497 509 520 487 493 510 507 491 509 509
"290" 514 510 500 496 504 492 490 494 504 508 503 514 504 493 507 507 490 506 499 501
"291" 502 507 508 495 501 486 502 507 527 504 498 525 516 496 504 495 497 508 504 492
"292" 497 504 517 509 486 508 497 513 498 524 504 520 502 498 496 508 499 503 503 502
"293" 493 505 502 504 503 490 505 498 501 513 509 495 504 500 504 487 490 506 494 500
"294" 505 500 489 499 505 487 512 503 491 497 503 486 512 488 501 508 493 513 494 496
"295" 497 506 517 498 501 496 504 505 488 516 503 488 514 484 492 504 512 509 503 486
"296" 495 495 501 498 497 493 513 506 493 522 499 509 484 500 479 506 500 515 519 516
"297" 510 495 496 490 508 501 497 496 509 498 495 515 493 499 493 495 500 517 486 511
"298" 490 499 500 503 513 508 516 504 501 524 507 506 493 495 502 509 489 503 494 500
"299" 503 505 485 499 509 505 491 505 494 517 511 498 492 497 501 509 494 510 510 507
"300" 498 518 491 492 510 484 502 485 501 501 489 521 496 503 478 508 511 484 503 502
"301" 498 496 515 502 502 489 502 495 489 500 487 500 495 486 483 494 498 512 510 498
"302" 497 516 503 509 496 505 489 514 490 500 501 520 497 512 498 499 485 514 501 500
"303" 488 496 510 505 494 495 504 503 517 487 504 496 509 488 485 492 488 501 511 508
"304" 496 513 502 498 485 508 506 503 499 504 515 491 506 505 493 481 502 505 494 502
"305" 510 508 499 492 496 502 503 514 510 509 498 500 513 481 507 509 496 481 506 516
"306" 507 514 509 499 491 490 496 499 485 503 493 521 512 500 496 508 504 507 500 502
"307" 506 501 498 491 498 486 507 503 488 502 494 498 496 492 481 513 498 505 487 498
"308" 503 513 492 500 505 491 502 505 504 524 501 488 493 505 480 500 507 502 506 500
"309" 496 500 505 497 494 512 501 515 509 505 508 493 509 499 476 513 502 519 507 502
"310" 499 508 503 496 503 496 520 512 500 501 495 490 502 495 499 496 505 492 519 500
"311" 503 513 498 482 488 495 496 486 508 511 494 515 489 495 486 510 498 484 508 509
"312" 514 493 506 493 496 503 503 512 516 499 509 526 503 489 491 495 502 484 507 499
"313" 499 504 483 505 508 503 512 484 492 501 505 523 507 490 499 496 500 498 490 502
"314" 514 499 497 507 489 505 497 515 502 510 512 494 509 493 486 506 495 476 496 503
"315" 499 511 491 504 502 482 510 504 498 512 497 510 509 491 488 499 493 506 519 517
"316" 516 497 492 495 485 492 491 496 518 508 506 488 504 502 503 514 507 508 495 500
"317" 494 506 510 510 496 504 501 508 498 505 497 505 490 504 508 505 497 501 486 510
"318" 498 498 504 503 500 509 496 504 498 495 506 521 509 499 498 506 504 506 503 508
"319" 492 501 490 492 508 508 497 493 513 512 491 518 507 490 495 510 495 512 497 504
"320" 498 514 497 502 496 489 494 504 502 500 490 497 503 502 495 506 502 502 501 506
"321" 503 507 509 497 503 505 510 490 513 501 501 496 494 488 491 507 496 491 495 504
"322" 491 500 505 501 507 488 500 501 511 510 499 513 506 502 501 509 500 509 517 483
"323" 506 504 502 487 500 504 504 511 514 506 501 478 508 479 496 499 508 510 505 503
"324" 509 508 510 492 502 501 497 485 510 500 500 494 505 504 484 497 502 509 506 505
"325" 491 505 503 503 495 494 513 484 510 506 503 507 502 502 488 509 498 499 509 507
"326" 494 510 501 488 497 502 511 510 497 498 492 494 508 491 494 513 495 490 512 499
"327" 496 508 490 498 500 483 514 500 497 512 503 489 495 497 487 506 495 500 505 491
"328" 508 505 486 508 498 499 496 509 488 504 501 517 494 485 493 515 500 494 516 497
"329" 500 500 479 499 488 503 497 507 508 500 507 496 494 506 484 506 487 501 504 502
"330" 492 507 516 503 499 497 506 498 516 503 509 517 510 502 499 495 499 505 511 511
"331" 499 496 494 494 502 507 501 493 518 506 495 514 491 490 499 494 510 505 509 504
"332" 504 489 501 495 500 498 513 518 504 514 496 499 505 495 488 505 501 502 505 503
"333" 504 503 509 498 504 502 504 493 502 511 495 499 505 500 499 496 496 501 502 494
"334" 521 500 488 499 488 511 502 495 498 500 501 518 494 497 484 491 492 513 506 491
"335" 493 497 497 499 493 511 499 505 516 511 509 490 499 494 494 509 491 519 494 503
"336" 500 506 506 513 499 500 525 503 502 510 514 515 489 504 498 520 486 494 493 502
"337" 505 503 488 506 509 513 499 498 492 502 492 494 486 496 480 507 490 518 506 509
"338" 498 510 493 503 503 493 497 508 494 503 497 494 507 500 492 499 505 499 501 490
"339" 520 517 496 499 501 504 498 489 525 512 510 509 491 496 491 510 487 501 495 498
"340" 497 499 514 500 492 498 514 497 506 512 484 517 488 512 482 511 497 499 499 494
"341" 502 508 502 503 505 485 503 509 508 504 513 488 508 487 496 503 489 511 504 496
"342" 520 516 488 497 495 482 494 485 518 501 503 496 493 491 494 502 503 501 505 504
"343" 487 497 499 492 493 493 495 500 505 498 495 514 487 491 509 499 493 506 493 509
"344" 505 504 491 493 497 501 491 495 481 513 498 489 504 494 493 494 498 515 511 495
"345" 505 501 500 489 504 504 493 511 493 515 505 506 505 494 485 505 499 510 489 494
"346" 514 504 502 508 513 493 515 517 498 508 495 512 490 512 487 510 491 501 506 505
"347" 496 509 491 499 502 499 500 507 506 516 499 509 494 495 491 502 506 501 489 504
"348" 486 511 505 494 499 499 507 492 508 524 518 496 508 481 505 504 497 502 506 493
"349" 505 504 517 494 500 500 505 496 507 508 524 501 482 500 487 504 489 502 505 489
"350" 490 504 494 492 492 503 489 509 491 529 519 496 510 484 494 510 493 504 487 492
"351" 518 490 511 499 488 505 503 485 495 500 486 507 504 493 500 499 501 487 509 510
"352" 493 516 497 481 502 502 504 495 497 505 493 492 508 493 498 491 485 498 496 506
"353" 490 506 505 493 497 502 505 494 503 517 507 491 508 478 491 507 502 501 492 501
"354" 508 506 497 502 498 504 502 497 485 500 492 510 498 499 493 517 503 518 499 500
"355" 517 501 494 499 505 499 501 498 516 495 491 501 490 490 487 499 506 511 500 508
"356" 497 512 501 506 497 491 504 486 521 524 508 502 495 498 492 501 508 493 500 492
"357" 493 494 482 486 501 506 490 500 507 499 499 508 506 509 476 500 504 496 509 500
"358" 495 508 498 509 493 509 494 506 501 517 500 485 490 477 486 505 503 499 508 508
"359" 508 502 492 496 504 500 496 505 510 505 485 498 490 498 496 498 510 495 502 497
"360" 514 505 497 493 492 497 511 501 514 516 518 511 503 499 496 512 507 509 499 496
"361" 513 497 507 505 522 501 492 502 510 504 512 523 496 490 489 499 497 501 492 511
"362" 500 500 494 495 498 496 498 484 501 496 508 493 507 504 499 506 498 493 493 500
"363" 493 496 507 496 509 512 494 504 511 499 501 492 507 494 496 490 498 493 503 518
"364" 501 501 486 505 500 502 500 504 501 510 495 507 498 499 494 516 492 498 507 496
"365" 494 499 485 488 504 497 498 492 496 510 499 515 503 483 483 508 488 506 507 500
"366" 502 498 515 498 496 503 498 501 498 498 504 507 500 505 505 504 507 530 477 504
"367" 511 502 501 497 493 500 493 506 507 506 510 524 492 512 498 491 501 512 514 515
"368" 496 507 499 495 503 498 489 494 492 509 506 515 495 505 492 511 501 489 497 506
"369" 498 510 482 507 490 496 496 495 487 494 497 522 494 498 482 492 503 502 505 498
"370" 510 498 512 497 490 498 502 495 515 519 514 488 487 481 499 510 497 495 494 494
"371" 488 514 502 493 495 499 517 482 508 503 499 489 498 495 502 506 495 493 512 504
"372" 500 494 503 485 495 485 498 515 512 507 503 503 495 494 496 508 500 514 500 493
"373" 512 505 487 500 502 504 496 506 512 502 495 497 495 493 492 510 503 514 508 506
"374" 499 498 493 501 492 509 500 497 501 512 504 491 492 494 473 495 494 503 494 506
"375" 496 502 500 500 508 513 508 496 515 498 498 508 506 505 496 506 497 503 506 505
"376" 508 497 488 495 486 481 498 511 503 502 487 510 520 500 498 496 496 498 507 488
"377" 492 507 506 515 501 499 490 506 499 515 508 499 489 495 497 502 494 507 515 506
"378" 498 508 522 488 488 483 497 498 519 500 495 496 507 498 497 514 498 508 499 514
"379" 500 497 503 498 503 506 506 507 510 509 492 526 504 503 502 515 495 519 499 499
"380" 502 504 498 501 507 497 494 502 507 500 510 493 509 498 497 511 503 507 499 510
"381" 499 500 489 501 515 504 501 508 519 524 513 499 496 490 509 496 507 491 493 513
"382" 515 514 497 499 502 513 493 492 504 522 495 500 492 493 499 509 500 496 498 496
"383" 495 498 495 508 501 505 505 487 484 498 505 505 511 482 491 502 495 500 499 502
"384" 501 510 501 514 512 495 508 499 506 514 500 513 516 492 479 508 522 499 501 507
"385" 498 509 505 493 492 500 514 514 504 499 515 495 509 488 496 515 505 510 484 497
"386" 504 510 512 502 508 504 494 507 502 509 516 494 507 501 499 479 501 509 497 500
"387" 499 487 494 499 494 494 503 486 522 512 503 516 506 485 508 496 502 506 514 500
"388" 502 497 503 505 509 501 499 495 492 490 507 511 506 502 511 509 493 498 495 512
"389" 504 497 499 503 494 502 502 491 506 523 503 494 507 494 496 500 511 494 505 494
"390" 493 503 483 492 509 494 497 493 490 507 493 512 500 491 498 495 498 502 502 505
"391" 487 512 498 498 484 503 507 520 498 513 504 498 500 503 498 505 494 489 505 499
"392" 500 505 478 500 492 503 498 497 509 512 501 494 504 488 499 504 485 511 497 501
"393" 489 501 504 499 490 493 511 496 520 508 498 511 491 496 490 512 501 510 494 501
"394" 503 491 486 503 491 504 501 499 511 500 498 505 502 492 494 504 502 511 487 512
"395" 485 496 500 503 495 497 502 509 519 514 522 492 515 493 491 511 504 508 492 494
"396" 513 501 491 492 500 508 496 501 495 513 500 511 512 494 500 501 491 511 500 491
"397" 505 517 505 508 497 505 501 508 517 516 512 503 482 487 478 514 495 498 512 500
"398" 492 503 506 491 510 496 506 510 513 501 497 506 504 491 481 501 504 484 509 504
"399" 511 495 490 505 504 507 520 480 505 506 509 499 494 495 497 496 492 504 508 511
"400" 505 511 502 505 498 502 494 512 514 509 492 497 511 495 500 511 506 490 494 494
"401" 502 505 505 486 500 499 514 495 512 499 496 503 505 496 510 500 490 505 513 511
"402" 521 503 492 501 494 503 498 507 497 495 501 509 513 500 499 506 501 499 509 492
"403" 488 495 509 498 494 509 497 509 507 513 505 488 499 501 492 482 491 498 498 509
"404" 503 497 493 503 503 505 504 497 519 508 499 515 501 492 506 498 493 501 508 507
"405" 493 499 503 498 508 501 504 505 512 509 497 507 507 502 491 506 494 500 493 509
"406" 496 500 497 495 496 497 487 503 501 499 515 493 511 495 506 496 498 516 496 504
"407" 493 501 501 510 510 503 496 498 489 501 491 488 514 498 502 508 512 500 487 502
"408" 492 511 496 497 507 492 504 506 502 517 496 495 500 495 487 507 485 511 497 512
"409" 492 511 488 495 492 479 498 506 500 512 498 500 493 501 500 505 504 498 502 498
"410" 514 509 505 511 496 499 501 497 518 511 493 491 502 505 506 501 507 500 497 515
"411" 490 501 508 508 505 503 491 503 500 501 494 483 490 501 496 509 492 525 507 505
"412" 488 509 488 499 497 492 495 494 508 507 487 506 499 498 503 501 504 514 510 501
"413" 503 495 490 501 494 502 499 500 500 519 502 480 504 496 510 504 493 512 487 491
"414" 506 499 508 484 500 500 502 512 513 499 500 520 502 496 492 508 497 510 514 498
"415" 505 509 492 500 493 495 505 514 494 504 500 498 491 506 504 502 493 516 497 500
"416" 498 497 501 508 490 500 507 496 504 501 509 513 500 494 502 520 495 500 496 508
"417" 499 507 495 510 518 508 491 509 516 509 511 508 510 503 484 499 496 518 498 497
"418" 493 495 498 494 500 504 512 520 510 503 490 520 502 496 473 510 511 495 507 494
"419" 481 510 494 510 496 482 495 520 499 500 504 521 492 505 495 506 509 502 500 505
"420" 491 515 496 505 511 485 490 502 501 515 494 498 510 491 483 496 496 503 498 493
"421" 491 506 494 500 488 490 516 497 498 511 498 484 495 502 482 489 491 516 508 512
"422" 508 501 501 506 495 498 507 490 501 500 501 498 511 499 503 512 500 497 508 491
"423" 508 512 490 499 502 504 507 503 507 507 496 487 503 489 503 514 491 497 498 499
"424" 500 504 505 494 502 503 506 502 514 516 498 495 497 489 486 507 507 501 517 508
"425" 496 507 488 493 512 491 495 507 523 501 493 508 487 495 491 489 476 497 504 505
"426" 493 517 503 489 499 498 498 499 507 512 508 495 498 496 498 511 499 513 505 498
"427" 505 518 507 510 497 497 499 521 521 494 498 491 507 494 490 491 497 497 494 500
"428" 506 506 497 502 493 493 516 503 501 514 508 518 501 501 496 514 502 507 521 498
"429" 503 495 509 511 487 491 499 497 487 510 501 513 508 506 494 511 500 493 506 499
"430" 499 495 499 499 491 502 500 510 500 512 514 490 493 491 501 504 496 496 497 501
"431" 500 513 490 489 491 499 507 492 505 508 506 506 494 493 481 497 513 511 493 500
"432" 505 513 484 496 475 503 508 511 512 501 505 504 496 495 495 518 488 514 512 509
"433" 496 496 493 500 500 503 503 493 515 518 501 494 504 498 488 497 503 500 506 496
"434" 491 504 496 501 501 501 512 496 498 497 502 499 487 485 498 504 507 512 511 503
"435" 498 512 508 510 514 495 504 516 506 514 495 487 501 481 503 505 495 501 496 507
"436" 507 505 496 486 503 502 494 495 513 500 494 508 497 498 493 501 491 495 503 499
"437" 491 496 501 496 501 493 500 500 525 514 510 514 507 502 488 489 486 496 509 502
"438" 496 504 495 499 509 490 498 498 505 500 500 527 481 493 503 509 501 511 517 511
"439" 504 509 491 492 503 501 500 512 498 518 487 487 515 480 479 490 484 501 498 498
"440" 496 506 493 503 499 513 503 498 491 506 484 491 510 495 486 511 496 508 477 494
"441" 500 501 501 500 497 508 498 505 506 507 499 492 516 487 498 484 498 509 504 494
"442" 506 495 509 499 494 508 502 507 501 505 511 497 501 505 494 507 502 504 500 499
"443" 484 503 481 503 494 506 514 501 501 512 503 495 495 493 502 496 504 513 502 493
"444" 495 504 500 506 489 497 506 491 501 498 509 518 499 492 479 520 492 483 504 496
"445" 492 521 504 508 496 488 502 500 501 500 486 516 500 497 489 502 509 491 498 500
"446" 495 510 506 505 502 497 500 510 512 511 499 510 507 483 499 494 486 500 495 508
"447" 485 507 501 503 498 494 507 515 492 514 505 523 500 501 496 515 498 504 512 502
"448" 512 506 481 490 501 497 494 486 495 504 503 495 510 494 490 499 503 488 503 502
"449" 496 502 500 493 491 481 503 493 503 514 497 495 503 498 499 514 497 496 501 500
"450" 495 512 509 492 496 492 504 500 495 502 487 487 491 495 510 506 495 502 500 501
"451" 498 501 495 503 495 510 526 499 515 503 501 513 500 499 493 502 492 493 509 504
"452" 490 516 511 484 495 503 505 495 488 513 501 497 504 508 498 492 506 502 503 507
"453" 507 495 485 494 487 497 512 507 496 493 510 515 501 508 505 506 504 515 484 505
"454" 511 499 499 502 498 495 492 495 509 509 507 502 506 503 500 508 508 496 507 518
"455" 507 491 499 480 498 501 492 497 487 515 506 503 509 495 499 497 503 507 502 489
"456" 519 505 490 503 506 486 497 504 506 504 503 513 508 493 486 504 489 511 507 509
"457" 500 499 490 504 495 482 509 492 509 499 500 492 513 499 491 503 490 502 495 498
"458" 490 509 501 499 504 514 491 489 511 503 507 492 498 502 479 496 493 494 496 497
"459" 505 497 503 503 503 500 509 497 504 500 507 512 500 484 498 503 495 492 507 498
"460" 505 509 503 501 498 503 501 509 517 514 494 499 517 509 497 501 488 498 498 506
"461" 520 503 495 502 499 480 485 502 500 502 508 509 484 495 500 518 504 508 487 494
"462" 503 507 492 494 500 504 505 503 497 504 503 499 482 499 499 498 487 498 500 496
"463" 499 498 499 502 500 500 503 504 494 500 502 485 503 497 501 496 499 509 503 512
"464" 513 507 511 490 507 498 494 505 505 502 507 503 491 496 492 487 501 494 509 508
"465" 498 501 493 496 490 513 492 503 517 504 509 513 491 503 507 501 504 492 505 496
"466" 510 509 498 494 497 506 499 505 515 499 494 494 509 494 501 504 497 514 494 503
"467" 511 511 509 504 493 507 507 500 521 506 489 501 504 482 493 506 504 506 510 509
"468" 511 518 505 496 493 503 503 504 518 504 499 492 503 504 505 502 500 513 495 487
"469" 504 509 504 499 494 505 498 510 500 510 505 518 492 487 506 484 507 496 497 517
"470" 498 498 513 497 503 501 497 499 509 504 506 503 512 490 498 505 500 508 502 489
"471" 513 515 502 498 507 514 502 497 512 502 500 490 491 507 495 517 496 504 518 503
"472" 515 508 493 511 498 507 495 490 505 504 508 507 502 506 498 514 497 526 499 484
"473" 510 515 494 511 497 504 509 506 496 498 500 515 498 495 488 515 492 504 491 510
"474" 498 492 504 502 495 499 508 482 504 503 493 509 487 481 503 503 489 501 505 500
"475" 481 502 495 504 514 498 499 505 508 494 509 483 503 487 491 502 498 500 480 499
"476" 513 515 486 499 507 505 490 499 523 511 504 514 497 502 486 504 480 490 504 504
"477" 493 511 496 498 487 494 517 486 504 501 507 509 518 489 502 509 500 497 518 513
"478" 491 500 497 495 480 507 504 495 518 500 492 515 513 490 468 501 501 500 504 503
"479" 499 513 496 491 496 494 508 514 516 515 500 491 501 503 495 501 501 488 501 512
"480" 495 491 509 493 487 494 506 496 492 523 502 501 491 498 504 504 486 499 506 497
"481" 502 502 495 491 488 487 488 492 516 506 503 529 494 504 488 517 503 495 501 502
"482" 488 487 501 504 485 501 509 506 506 501 488 490 512 503 483 509 506 517 500 509
"483" 494 491 495 489 494 500 506 498 522 517 498 495 490 502 503 499 505 497 505 510
"484" 494 514 504 489 493 506 494 518 506 500 509 497 499 487 490 499 502 488 489 508
"485" 505 509 498 498 507 497 511 499 508 507 513 505 495 486 494 499 487 501 500 504
"486" 500 515 505 502 496 492 489 499 512 504 486 501 487 494 484 491 500 502 503 503
"487" 505 499 499 499 494 493 503 505 523 507 501 488 498 488 502 496 495 522 510 508
"488" 493 499 496 492 507 484 510 515 502 500 500 488 485 489 498 513 491 490 492 497
"489" 495 496 498 508 495 502 498 496 514 508 496 513 499 502 482 490 493 510 501 504
"490" 487 505 484 500 504 487 512 497 500 501 512 490 507 492 508 505 501 507 506 513
"491" 490 492 501 492 497 506 510 507 494 502 497 521 505 494 492 511 500 506 515 505
"492" 486 495 485 498 496 501 509 509 524 490 500 492 501 492 499 501 501 502 490 500
"493" 499 505 495 509 505 496 489 501 497 508 498 498 502 498 511 501 495 498 498 511
"494" 500 486 494 505 490 504 500 502 486 502 492 496 492 492 500 506 495 515 504 497
"495" 500 503 496 502 491 504 504 509 501 502 499 497 484 490 495 507 500 520 508 500
"496" 506 497 515 509 496 509 500 511 520 503 496 485 488 501 489 495 483 505 504 511
"497" 501 512 486 502 511 513 489 508 503 509 497 516 506 502 501 507 486 501 513 507
"498" 492 495 506 483 498 499 496 499 497 507 495 497 488 499 470 506 500 511 513 508
"499" 511 505 491 502 492 507 485 496 504 505 515 516 502 493 498 497 505 488 506 498
"500" 508 507 493 489 501 489 501 508 512 513 505 487 499 491 485 505 501 492 499 502
"501" 492 513 509 499 498 503 504 501 499 508 511 493 492 483 510 520 485 500 501 498
"502" 503 510 491 492 507 502 505 502 497 513 494 493 490 494 485 513 489 518 490 502
"503" 502 495 502 511 495 498 515 508 502 498 505 513 501 500 489 494 492 503 487 510
"504" 493 513 505 500 481 494 490 492 518 523 499 520 516 499 495 495 500 507 495 493
"505" 495 516 491 495 509 510 516 496 490 501 506 496 503 493 503 510 515 509 502 515
"506" 497 503 488 499 502 492 493 508 513 495 494 485 488 510 502 497 489 514 495 502
"507" 488 480 493 499 496 492 501 505 509 500 516 528 499 496 507 507 498 507 506 505
"508" 500 505 474 496 490 486 488 494 512 501 510 500 498 490 485 492 497 505 496 497
"509" 501 493 498 498 488 496 512 488 507 520 494 517 499 494 489 518 503 489 502 499
"510" 510 506 503 486 501 518 504 508 494 507 511 492 505 503 497 497 494 506 503 491
"511" 502 511 493 502 492 503 506 501 515 506 497 486 512 496 507 505 490 500 497 497
"512" 508 497 508 505 504 513 493 501 512 514 507 519 484 487 486 508 492 499 498 495
"513" 493 501 512 506 501 509 496 509 513 493 499 521 493 499 498 498 500 491 483 499
"514" 497 495 507 510 490 508 504 496 499 494 494 503 506 494 486 516 507 490 511 506
"515" 503 504 511 511 498 483 493 497 491 507 503 502 512 493 492 505 490 509 505 494
"516" 495 504 502 490 492 506 493 501 488 503 487 510 504 488 495 495 493 494 495 500
"517" 509 495 504 495 498 482 511 511 486 507 499 507 516 492 493 506 490 503 509 499
"518" 501 503 502 499 501 495 503 496 486 498 506 491 503 514 499 504 491 504 498 498
"519" 502 503 483 490 491 492 500 494 487 508 503 494 492 504 501 498 478 505 498 521
"520" 489 503 489 493 490 522 491 487 502 504 509 521 495 499 491 510 499 509 498 496
"521" 515 501 498 486 505 489 516 500 511 513 499 501 504 495 485 511 495 509 500 503
"522" 513 502 495 500 497 490 504 506 524 502 500 498 515 491 494 495 497 507 503 504
"523" 497 499 498 511 502 509 508 502 503 503 485 495 507 505 498 493 499 511 510 501
"524" 496 496 495 505 504 494 491 493 499 503 514 498 499 492 497 503 495 506 502 500
"525" 494 503 500 499 499 513 504 508 497 515 499 502 497 492 497 515 502 507 492 510
"526" 490 498 503 511 500 483 497 521 497 504 492 516 496 511 488 498 498 502 496 497
"527" 520 498 498 485 485 491 509 487 499 497 508 474 505 502 489 511 480 501 504 502
"528" 499 509 500 503 497 497 501 477 482 523 495 509 511 485 484 500 495 495 505 506
"529" 502 501 495 479 489 498 497 499 498 510 495 502 497 508 485 513 487 498 503 502
"530" 504 506 514 503 496 508 502 475 503 509 494 484 501 489 495 516 513 507 502 500
"531" 493 511 505 494 505 489 496 510 508 501 513 483 502 503 485 503 483 507 507 505
"532" 506 504 512 506 483 516 499 494 488 506 488 511 507 499 501 493 494 516 506 507
"533" 510 502 503 501 491 509 488 499 498 505 502 511 494 498 500 501 505 492 501 514
"534" 501 501 486 498 503 505 507 506 513 509 494 485 502 495 503 512 497 498 510 503
"535" 510 515 497 497 491 493 499 493 504 501 499 509 505 501 506 506 497 489 507 503
"536" 491 517 499 489 500 501 496 493 502 503 503 505 508 481 501 514 505 496 500 517
"537" 502 505 504 496 510 504 517 509 521 503 499 491 515 498 498 499 480 508 511 496
"538" 495 509 485 493 496 495 494 501 494 513 496 504 494 504 488 503 487 503 513 502
"539" 498 508 505 503 485 490 512 494 513 517 516 514 502 488 497 515 490 512 502 496
"540" 492 511 508 504 492 506 510 510 519 525 504 515 502 494 496 505 494 496 482 508
"541" 497 509 498 501 497 502 495 494 510 499 513 520 489 495 505 518 491 498 495 512
"542" 508 501 493 501 504 502 500 504 493 496 508 498 497 510 501 515 488 489 502 489
"543" 479 507 495 499 487 485 491 492 510 502 504 491 488 500 494 504 499 493 500 513
"544" 502 512 495 492 490 496 505 507 503 508 490 522 508 484 488 505 503 497 486 498
"545" 489 503 509 505 491 488 491 500 511 501 499 512 495 503 507 491 499 496 500 504
"546" 502 500 502 509 493 492 509 505 514 531 513 493 507 501 497 499 500 486 484 496
"547" 505 504 517 491 493 497 512 514 511 518 494 491 508 503 503 498 481 506 514 503
"548" 503 507 495 506 507 508 505 511 517 507 511 506 506 499 485 510 495 484 503 512
"549" 501 516 498 502 492 505 496 496 487 491 509 495 507 490 500 499 485 494 502 502
"550" 511 491 494 498 501 507 499 504 504 513 502 507 504 504 481 501 503 498 494 504
"551" 499 514 498 495 486 494 491 499 519 499 501 514 491 492 507 497 482 509 504 504
"552" 501 497 502 517 491 495 491 507 502 515 496 486 507 500 500 514 504 511 515 503
"553" 504 500 499 503 494 491 511 497 499 494 496 513 504 496 494 496 496 520 501 506
"554" 514 498 502 498 497 489 502 492 496 511 502 514 485 484 501 516 496 508 512 489
"555" 510 489 505 509 491 502 503 501 496 501 499 499 505 488 493 501 485 501 503 508
"556" 498 505 494 495 488 484 493 501 497 505 499 506 498 498 508 500 498 506 503 503
"557" 498 509 496 500 495 504 502 486 494 491 493 501 503 502 501 521 488 506 505 506
"558" 499 490 495 501 508 500 494 485 513 493 500 486 508 508 488 524 490 507 494 506
"559" 492 510 496 494 503 504 503 507 502 504 491 487 503 497 502 490 499 502 491 489
"560" 508 504 498 497 499 516 509 486 501 499 506 496 503 493 496 489 492 520 498 501
"561" 495 505 496 493 498 496 512 496 493 502 498 499 494 488 497 505 500 500 498 499
"562" 485 503 483 504 494 487 499 504 499 516 496 525 500 501 500 511 499 505 504 510
"563" 493 500 519 505 494 502 513 492 510 514 500 501 513 491 488 509 497 495 512 500
"564" 497 509 495 503 498 504 487 506 514 499 506 489 484 502 500 498 484 499 506 493
"565" 507 520 509 502 490 505 487 482 487 503 492 515 506 498 489 491 488 494 492 514
"566" 513 516 498 498 507 504 500 504 503 500 489 503 508 503 493 507 492 504 505 508
"567" 510 510 496 487 495 511 502 504 504 507 503 496 508 504 506 503 490 506 504 496
"568" 503 500 507 500 504 474 496 499 508 494 495 512 494 501 503 507 508 523 506 505
"569" 496 513 500 504 499 504 496 504 499 506 510 515 497 494 493 491 489 499 491 495
"570" 499 490 495 502 488 480 500 488 501 509 494 515 496 497 494 496 500 502 504 500
"571" 505 520 489 480 505 504 489 502 511 498 506 489 492 498 509 518 497 502 496 494
"572" 495 515 501 511 501 500 505 497 519 508 499 496 498 495 499 500 510 496 493 499
"573" 493 515 500 503 503 501 513 512 511 515 498 491 507 504 482 508 500 489 498 501
"574" 489 502 513 497 492 502 492 514 506 497 508 496 495 497 481 508 504 506 498 503
"575" 499 498 487 494 499 502 496 500 502 523 499 501 487 482 499 511 503 507 496 492
"576" 517 513 514 488 490 509 494 495 489 502 511 519 486 504 489 503 497 496 499 501
"577" 517 494 512 492 508 492 504 497 488 503 485 518 502 502 504 498 495 499 511 512
"578" 494 506 517 493 502 516 496 498 502 505 498 523 502 506 494 501 497 493 492 495
"579" 488 509 487 500 497 508 513 490 498 501 496 490 504 493 496 509 494 507 501 508
"580" 499 504 496 489 505 492 502 517 507 515 484 514 509 492 493 499 486 485 507 506
"581" 500 508 485 502 508 496 511 512 505 500 510 497 491 499 482 503 501 511 508 499
"582" 510 511 500 492 495 509 512 489 493 511 508 487 507 503 481 510 489 485 502 508
"583" 494 500 495 506 488 504 509 504 519 505 517 505 497 504 501 508 492 516 507 496
"584" 501 506 503 488 483 500 499 505 515 502 500 501 493 503 494 513 488 504 491 510
"585" 498 510 510 495 493 482 499 501 499 509 508 491 507 506 500 500 504 491 497 505
"586" 506 507 483 498 503 484 507 514 497 508 498 525 511 501 489 504 502 514 512 496
"587" 513 505 498 489 511 499 510 509 496 494 500 513 514 491 499 504 488 507 521 489
"588" 508 512 494 489 500 492 512 510 504 521 508 506 515 489 499 503 494 506 507 503
"589" 497 506 488 501 512 488 512 495 502 514 515 513 492 501 494 507 499 493 505 510
"590" 500 502 498 501 494 490 503 489 503 502 489 492 494 508 489 506 498 514 499 496
"591" 490 499 505 497 490 481 488 488 503 523 504 496 509 495 487 500 481 506 505 489
"592" 518 504 502 507 510 500 497 508 499 504 509 511 507 492 503 498 513 503 513 501
"593" 508 516 517 509 494 504 496 504 501 513 485 496 485 490 497 504 504 511 508 517
"594" 511 511 497 500 505 510 498 500 513 513 509 489 493 491 498 511 506 505 496 510
"595" 497 501 488 509 502 497 505 498 501 520 509 514 503 489 501 500 506 515 504 496
"596" 498 494 504 500 502 512 497 494 524 514 503 508 487 498 491 493 507 488 495 498
"597" 499 504 492 498 508 501 488 500 501 505 515 518 487 490 481 487 498 506 496 502
"598" 499 507 492 489 500 501 509 509 513 498 497 492 490 504 500 490 493 515 495 504
"599" 501 500 496 498 497 508 499 497 521 511 505 509 494 496 494 505 485 493 491 499
"600" 495 499 505 515 496 505 513 496 505 518 507 510 500 498 495 509 496 503 486 499
"601" 483 512 496 505 505 507 503 502 501 510 497 511 495 507 498 495 491 501 497 499
"602" 499 507 503 501 502 497 500 502 504 510 483 515 489 497 496 511 490 502 509 493
"603" 514 504 497 500 507 484 519 496 501 507 499 501 499 500 482 506 514 500 503 500
"604" 511 502 494 483 508 477 493 506 497 514 501 489 498 490 503 515 506 492 502 510
"605" 505 513 501 492 491 499 494 499 519 498 509 511 487 496 502 497 503 497 505 498
"606" 503 500 504 491 492 507 503 501 494 502 495 491 521 500 492 504 489 511 499 497
"607" 504 495 491 488 507 496 498 478 507 506 499 502 497 481 497 502 482 506 510 503
"608" 490 508 491 493 498 502 498 496 504 505 497 491 490 501 497 504 512 511 511 503
"609" 497 502 501 497 506 510 511 497 510 512 504 485 513 513 484 507 505 493 497 497
"610" 503 500 499 483 509 501 503 497 524 506 500 520 512 509 512 515 500 517 503 511
"611" 495 506 498 508 505 515 481 499 513 503 508 497 503 499 497 489 485 508 506 499
"612" 518 518 492 514 488 494 497 500 525 515 497 508 501 500 494 507 499 503 511 519
"613" 495 512 515 506 490 505 506 492 516 509 496 498 507 482 504 506 504 513 507 494
"614" 504 507 507 482 502 505 505 507 504 518 479 515 516 504 485 510 510 507 489 489
"615" 503 488 515 500 509 505 499 505 524 499 497 498 503 502 491 518 503 498 504 498
"616" 504 498 499 493 488 510 513 493 508 495 491 489 500 487 485 521 501 502 506 507
"617" 494 495 488 501 498 504 511 498 509 507 491 490 494 497 512 506 493 497 502 512
"618" 500 504 499 505 491 487 503 496 511 498 500 516 512 496 497 504 494 493 504 507
"619" 494 514 498 502 498 501 493 483 501 506 503 511 501 496 490 489 487 500 503 501
"620" 500 506 492 489 506 501 507 503 505 515 511 505 502 492 498 493 491 494 505 506
"621" 504 499 493 511 496 509 506 491 514 494 496 474 505 499 506 493 491 500 503 512
"622" 512 497 497 491 504 501 488 497 508 521 501 495 519 500 499 507 496 512 497 489
"623" 482 511 503 508 500 509 514 499 503 501 500 521 508 500 488 499 500 497 509 490
"624" 496 513 502 500 503 484 508 496 498 510 506 489 507 498 487 497 501 502 494 511
"625" 512 503 490 498 488 499 493 489 512 508 493 492 505 501 506 511 493 504 500 494
"626" 512 516 503 505 505 498 493 504 491 500 508 495 508 498 493 502 500 491 493 502
"627" 498 499 490 504 504 505 492 501 512 511 498 511 498 495 496 527 507 489 503 500
"628" 515 512 494 497 488 500 495 524 505 501 497 519 498 494 482 519 508 491 497 508
"629" 500 504 489 487 485 508 512 505 499 524 513 511 502 507 480 506 500 475 513 505
"630" 498 507 498 505 491 488 500 500 505 510 493 495 485 502 498 491 507 495 516 494
"631" 490 510 506 502 496 502 511 511 510 513 501 496 488 493 502 488 492 514 513 499
"632" 502 502 509 503 498 500 504 482 517 508 502 518 501 488 495 506 505 493 485 502
"633" 490 510 490 499 501 503 501 521 496 513 515 523 499 484 503 519 499 507 501 488
"634" 494 503 492 501 488 503 497 508 504 513 512 498 502 503 476 483 503 517 516 499
"635" 489 499 503 499 495 504 502 493 496 501 507 511 503 484 486 490 490 515 507 505
"636" 500 500 504 501 492 480 503 504 490 505 491 493 499 504 500 498 497 514 499 500
"637" 502 498 506 499 496 499 505 500 497 509 504 482 505 490 496 502 486 503 488 500
"638" 500 503 506 496 497 505 509 484 505 489 504 490 521 502 499 498 495 493 497 501
"639" 495 502 503 503 495 491 495 498 498 500 492 510 498 488 500 515 486 511 486 492
"640" 495 499 501 499 491 514 498 494 525 515 501 510 507 491 487 498 514 495 495 503
"641" 494 495 497 497 492 495 499 490 523 511 503 508 490 498 506 512 494 483 498 499
"642" 491 510 504 502 505 507 509 500 505 509 499 484 504 503 489 500 504 488 508 501
"643" 504 500 508 491 489 504 506 496 487 503 481 502 520 503 497 513 499 505 493 507
"644" 503 497 497 505 494 491 520 506 510 507 499 501 495 497 496 510 485 488 500 500
"645" 496 505 499 500 495 506 500 497 499 502 500 516 505 502 492 488 492 513 498 512
"646" 497 521 502 481 509 488 496 497 520 526 491 518 505 509 490 507 490 490 507 492
"647" 488 499 497 493 481 501 499 485 504 505 515 514 496 497 495 504 499 499 518 502
"648" 500 522 506 502 501 505 511 507 513 498 511 489 499 494 496 509 502 510 509 499
"649" 503 501 497 498 492 487 511 511 496 501 495 513 479 502 500 509 502 502 499 503
"650" 506 489 491 490 493 508 503 502 502 502 487 489 503 490 503 504 498 497 507 498
"651" 496 518 497 507 515 520 509 504 505 487 504 495 511 502 495 502 498 513 499 508
"652" 520 497 486 502 497 495 500 500 494 502 501 496 503 493 505 506 498 490 501 509
"653" 487 495 501 502 498 495 503 502 495 511 498 493 507 492 476 501 489 501 502 506
"654" 485 500 504 496 501 484 503 506 526 506 497 522 513 498 496 506 500 500 502 508
"655" 514 509 500 506 509 500 496 491 518 493 501 521 504 500 494 494 501 485 496 505
"656" 502 505 505 505 485 493 496 509 485 494 516 486 498 507 503 507 495 499 504 495
"657" 501 503 478 489 485 502 498 514 503 504 501 499 505 506 504 503 498 509 485 498
"658" 508 492 515 492 488 503 501 500 483 514 516 496 490 502 502 509 490 489 515 495
"659" 498 492 500 495 486 501 506 504 505 498 511 519 507 488 486 507 500 498 495 509
"660" 504 504 492 501 490 490 500 507 496 500 511 508 512 495 488 516 504 501 486 507
"661" 501 495 501 501 503 499 505 500 505 504 484 489 500 491 494 492 519 503 504 517
"662" 505 507 493 492 494 497 495 491 487 516 508 513 501 497 492 509 492 498 510 510
"663" 503 499 502 482 491 498 501 492 504 503 511 481 505 488 507 511 493 519 507 495
"664" 512 494 499 510 519 508 502 497 496 496 505 491 503 490 498 500 502 491 498 504
"665" 497 499 503 484 492 491 496 487 496 503 508 522 486 496 499 506 498 492 507 500
"666" 496 522 501 503 503 506 487 502 496 507 497 511 488 504 497 485 496 490 499 504
"667" 494 508 503 497 489 505 498 511 499 498 503 532 514 511 497 502 504 500 499 503
"668" 506 508 502 495 496 486 501 496 503 506 481 512 487 492 497 502 492 502 506 502
"669" 508 494 499 495 492 504 505 488 511 509 506 494 494 495 504 498 497 497 496 508
"670" 485 503 495 495 492 480 498 504 507 510 493 518 505 491 497 511 498 492 513 509
"671" 501 500 493 494 497 500 497 500 485 494 504 508 499 496 489 504 502 491 501 494
"672" 497 496 506 495 504 497 490 492 516 508 493 492 492 501 507 499 492 497 496 510
"673" 496 509 490 495 496 502 510 492 515 519 508 508 515 497 514 502 490 507 492 500
"674" 500 487 492 484 490 505 508 520 497 514 497 519 488 498 503 510 493 512 505 499
"675" 507 511 495 493 494 478 501 513 515 528 509 490 506 514 490 507 486 504 489 494
"676" 511 505 498 499 501 490 501 520 489 498 522 522 498 488 478 497 497 494 497 493
"677" 497 515 503 510 501 506 494 503 511 510 507 487 512 484 479 495 494 509 500 486
"678" 495 498 494 497 483 489 508 510 508 513 507 488 522 496 488 508 492 517 510 497
"679" 489 508 502 498 493 517 500 503 509 519 482 511 507 499 505 498 491 496 506 497
"680" 506 509 487 500 493 507 496 496 507 488 493 510 503 494 501 510 501 505 490 504
"681" 519 487 494 481 486 505 495 496 508 512 499 503 481 500 496 505 516 520 509 497
"682" 496 500 498 502 497 492 509 502 488 506 502 489 501 490 495 507 500 518 500 504
"683" 514 507 489 490 498 504 500 508 510 503 502 497 495 499 500 516 510 490 488 504
"684" 503 494 499 486 506 495 501 496 502 506 489 490 492 501 500 513 497 493 507 500
"685" 505 504 489 497 495 495 495 486 502 500 513 518 499 492 496 508 500 489 496 510
"686" 497 513 504 497 503 510 507 506 521 506 495 523 501 490 480 508 497 505 502 492
"687" 502 504 486 500 508 505 506 517 510 506 503 485 503 494 499 487 507 502 497 508
"688" 502 499 505 490 485 495 495 492 498 499 501 506 501 501 483 502 495 498 499 509
"689" 498 492 501 506 506 505 499 494 519 518 500 493 506 508 486 498 490 510 498 504
"690" 492 492 501 498 498 500 492 500 516 517 502 528 497 494 498 501 502 513 506 504
"691" 494 510 507 492 519 506 504 497 508 494 493 508 486 499 504 516 494 499 491 482
"692" 502 505 500 495 502 501 497 511 499 493 500 502 508 503 485 509 492 528 505 513
"693" 504 495 508 494 495 493 509 509 511 508 497 503 518 491 497 488 499 496 499 503
"694" 508 512 505 505 495 488 493 508 514 506 492 496 513 486 496 489 487 502 487 508
"695" 498 499 502 507 493 501 493 504 497 499 505 486 510 501 497 495 496 522 491 501
"696" 495 502 509 504 495 497 513 513 514 507 498 514 497 491 495 499 486 490 510 490
"697" 504 508 503 487 485 486 489 505 497 508 500 521 515 503 503 504 502 520 491 501
"698" 484 494 500 494 500 477 494 510 502 503 499 500 506 487 501 499 499 520 509 503
"699" 492 510 503 500 500 492 510 501 498 520 510 494 504 500 505 507 507 502 506 500
"700" 499 504 502 491 500 494 507 506 516 506 508 485 516 499 482 508 500 502 484 509
"701" 492 503 503 499 513 496 480 504 504 523 499 501 502 492 501 501 500 490 512 497
"702" 511 487 514 502 494 506 500 509 512 504 493 489 518 483 507 504 506 508 502 503
"703" 502 502 483 503 504 507 506 500 498 513 500 484 510 490 487 497 487 498 503 495
"704" 503 489 509 490 488 482 500 502 501 508 500 497 505 498 510 502 497 491 500 511
"705" 498 502 488 510 499 508 507 506 509 515 502 509 491 496 478 525 504 494 502 506
"706" 504 511 500 493 495 502 508 499 508 518 513 499 499 506 495 501 509 506 502 505
"707" 497 509 494 500 493 501 515 479 502 517 509 492 516 492 496 506 475 514 503 514
"708" 504 522 513 487 494 510 497 508 480 509 502 485 492 488 496 499 488 503 506 496
"709" 501 505 500 494 508 504 505 494 491 521 502 523 504 491 498 500 502 476 501 502
"710" 494 509 503 504 492 496 496 502 493 499 525 514 493 483 486 511 491 497 504 512
"711" 505 510 507 495 485 491 492 499 489 515 495 487 505 502 505 521 504 497 491 495
"712" 510 508 498 506 494 499 501 500 498 510 494 485 491 495 502 501 496 503 500 501
"713" 497 508 502 489 499 508 501 500 523 488 512 501 487 500 516 507 503 511 490 500
"714" 487 504 504 493 491 494 500 497 483 512 504 520 493 508 503 497 491 493 483 494
"715" 494 498 499 499 506 502 503 523 487 511 508 506 511 499 493 507 482 501 509 506
"716" 516 496 510 507 511 500 493 478 495 513 498 520 501 498 478 509 502 493 515 514
"717" 505 502 489 499 495 498 514 511 499 506 492 487 513 498 504 512 485 494 508 513
"718" 508 494 503 495 507 487 504 511 494 500 508 519 514 499 482 511 507 481 496 515
"719" 502 490 500 500 496 509 503 488 490 508 491 502 484 497 481 511 497 503 498 510
"720" 503 510 505 504 496 505 494 504 513 510 494 494 488 511 497 523 494 502 515 506
"721" 501 513 499 489 495 490 497 507 506 506 494 503 511 503 489 514 491 499 501 494
"722" 492 504 496 490 492 506 493 500 502 508 511 507 509 501 480 500 506 497 512 497
"723" 497 491 493 497 491 504 502 499 523 505 506 480 507 508 498 515 498 501 501 503
"724" 506 492 502 507 501 495 498 518 496 497 498 492 505 492 486 500 495 507 511 511
"725" 509 511 491 493 499 499 504 497 497 498 494 520 505 494 502 493 492 485 503 500
"726" 501 493 505 503 502 484 504 500 523 510 515 515 511 486 491 509 500 511 487 508
"727" 496 505 500 509 503 500 499 511 486 509 509 515 512 497 482 495 508 514 501 483
"728" 510 506 486 508 501 499 499 500 503 507 497 514 508 499 489 506 499 508 490 504
"729" 498 508 489 494 496 501 498 501 495 506 497 519 503 490 496 505 500 488 498 504
"730" 498 504 487 495 496 507 516 505 502 498 499 489 490 491 481 500 498 503 507 501
"731" 498 498 502 510 501 496 511 504 506 522 490 495 523 514 513 504 496 515 501 519
"732" 498 504 476 488 503 495 493 499 497 508 501 502 505 490 506 506 506 513 495 503
"733" 511 502 512 487 490 511 491 488 510 497 512 519 505 492 515 491 493 510 510 504
"734" 496 522 499 487 513 481 490 498 504 497 491 495 513 499 507 500 511 512 498 500
"735" 489 507 512 502 500 498 502 496 479 504 489 508 504 494 493 515 499 501 497 515
"736" 509 493 489 505 495 492 490 501 499 510 502 482 500 506 506 509 502 514 489 500
"737" 498 505 488 491 490 498 498 481 500 510 501 516 493 484 483 493 481 505 507 508
"738" 490 497 487 503 492 504 499 510 500 518 514 483 514 498 504 509 489 493 492 505
"739" 498 494 507 499 492 480 499 506 484 489 496 502 510 484 481 500 496 500 486 493
"740" 501 507 499 501 501 497 490 508 517 514 499 514 509 506 475 511 487 497 488 505
"741" 510 507 489 486 510 500 518 495 503 498 500 494 504 494 500 503 497 503 514 504
"742" 495 485 482 506 495 506 503 491 501 504 495 489 501 494 487 519 491 499 501 512
"743" 495 488 504 513 490 502 500 497 499 509 493 519 493 491 502 508 504 502 501 506
"744" 498 505 510 494 492 504 491 498 506 507 498 510 500 496 476 505 503 503 493 496
"745" 502 504 500 500 483 496 504 513 522 504 500 488 483 503 505 510 502 508 503 490
"746" 501 501 508 498 501 481 502 497 512 504 510 495 494 495 492 506 510 516 491 493
"747" 484 505 493 481 496 498 496 510 506 495 497 500 512 487 481 496 505 515 486 499
"748" 493 507 501 502 493 510 506 502 501 514 496 516 506 489 493 509 496 509 509 500
"749" 514 497 492 493 498 516 505 500 511 504 491 517 497 508 495 516 494 502 501 497
"750" 503 505 498 488 499 511 516 502 509 504 504 495 505 501 497 505 511 497 505 508
"751" 496 505 503 496 510 489 507 491 510 511 504 523 498 497 504 510 507 497 506 514
"752" 494 498 493 491 494 513 487 493 488 508 511 521 498 500 508 506 496 501 489 500
"753" 508 512 492 507 505 505 515 506 509 502 504 491 492 504 487 502 495 502 492 506
"754" 510 506 498 491 487 506 511 512 512 517 504 500 509 502 481 492 497 523 512 490
"755" 507 521 499 507 500 491 498 502 487 508 509 495 498 493 507 502 502 517 502 507
"756" 504 501 485 501 494 498 496 500 499 503 501 518 493 502 486 495 493 481 499 499
"757" 495 509 501 482 490 486 506 502 489 505 487 516 507 503 501 503 504 511 501 502
"758" 498 505 512 499 508 504 497 500 501 518 500 495 487 516 499 512 495 493 505 499
"759" 498 514 505 510 512 503 495 498 503 505 497 507 504 504 501 505 491 488 494 505
"760" 503 500 492 496 500 502 502 495 499 508 499 511 498 494 501 504 501 500 502 494
"761" 501 510 501 507 506 489 509 504 518 507 486 508 506 482 487 497 487 499 497 494
"762" 501 510 511 503 505 503 499 503 498 497 507 495 502 504 502 501 490 497 498 501
"763" 489 511 490 502 524 504 502 496 501 506 499 513 500 506 497 505 501 489 487 509
"764" 500 509 499 500 497 494 515 509 515 502 506 503 495 497 491 514 474 507 492 507
"765" 485 512 516 486 508 490 489 498 504 505 500 508 522 497 487 501 496 498 493 503
"766" 492 508 485 492 498 507 506 496 492 504 508 502 506 490 496 503 483 515 498 506
"767" 505 502 501 507 483 507 495 493 510 494 504 500 487 505 506 508 487 498 504 500
"768" 490 498 503 488 498 503 499 515 503 508 501 521 501 501 496 505 505 496 505 515
"769" 511 504 509 489 501 502 501 486 506 501 508 501 493 495 493 522 498 503 503 506
"770" 495 501 495 496 485 510 495 495 496 512 501 493 518 497 497 498 503 496 505 501
"771" 501 507 515 495 501 508 517 501 499 509 504 486 502 491 488 496 498 506 489 508
"772" 503 508 495 513 497 503 508 502 513 512 505 503 494 500 500 510 504 513 511 501
"773" 513 501 487 482 505 500 504 502 499 494 503 515 498 494 498 508 487 507 506 508
"774" 501 487 509 493 506 507 502 493 506 494 501 507 485 493 497 500 502 506 493 515
"775" 507 518 502 501 497 495 499 507 518 506 497 510 502 488 497 504 500 488 501 506
"776" 512 502 503 477 506 506 504 498 501 503 498 521 503 489 510 497 503 509 494 503
"777" 495 499 496 485 509 508 505 500 517 500 505 494 517 504 503 507 495 499 501 499
"778" 499 498 496 505 522 490 502 504 497 507 496 513 510 504 495 502 494 501 505 497
"779" 504 522 497 502 503 507 504 509 493 493 500 520 504 488 514 506 501 510 496 489
"780" 490 519 495 497 501 485 497 501 507 510 513 501 488 491 488 513 493 509 503 517
"781" 500 508 485 506 501 504 506 507 498 491 507 494 498 507 499 509 502 504 517 509
"782" 505 490 504 496 502 499 500 496 520 500 508 494 487 494 490 511 496 498 508 506
"783" 503 505 489 478 505 502 512 514 524 499 506 506 493 505 485 493 505 512 490 499
"784" 508 503 504 493 513 498 482 505 503 514 510 513 498 495 510 502 493 509 484 493
"785" 507 502 501 494 504 496 505 514 493 521 509 504 500 497 489 490 494 498 508 509
"786" 499 514 503 495 489 507 514 503 522 505 508 515 498 483 498 513 486 505 499 500
"787" 506 517 487 485 504 501 505 486 495 494 490 490 502 491 495 493 507 500 494 492
"788" 502 504 493 506 506 503 509 502 491 511 505 494 487 497 499 516 492 491 494 518
"789" 502 509 508 498 506 477 502 503 492 502 512 497 482 497 503 507 499 496 492 510
"790" 488 494 502 498 506 491 487 504 495 511 497 504 487 477 512 488 495 502 490 495
"791" 501 502 502 497 513 497 507 507 509 499 503 517 498 491 501 502 507 502 499 501
"792" 498 496 496 491 494 499 500 492 491 484 503 495 511 485 502 502 492 515 492 488
"793" 508 514 496 493 497 497 500 497 500 503 495 508 509 492 511 499 499 494 500 497
"794" 498 516 491 498 502 502 510 489 495 509 507 501 509 507 493 512 502 510 501 501
"795" 502 503 503 492 511 503 500 497 507 501 502 517 501 499 497 524 498 494 498 494
"796" 498 484 498 495 501 495 501 494 497 505 493 519 506 500 497 506 497 504 495 514
"797" 509 494 517 508 493 492 501 500 493 501 497 515 511 497 486 510 495 500 511 483
"798" 500 506 496 506 501 508 508 489 477 519 501 491 494 494 493 501 502 498 514 502
"799" 494 503 492 508 495 496 498 502 506 501 514 520 526 504 493 516 501 512 499 502
"800" 517 508 495 487 500 501 501 504 472 503 519 497 493 514 492 506 493 485 500 498
"801" 517 508 495 499 496 495 495 496 514 509 510 510 498 496 497 501 483 504 499 499
"802" 492 514 498 506 486 492 498 497 506 507 492 516 493 503 491 513 488 502 500 502
"803" 485 510 509 489 512 485 514 511 516 507 510 521 490 493 486 512 503 508 502 482
"804" 500 493 482 484 491 498 496 508 506 523 499 525 498 498 486 484 503 501 499 507
"805" 506 503 499 497 507 501 503 505 504 505 501 526 484 503 488 505 499 494 514 507
"806" 507 504 504 508 508 512 494 496 484 495 503 523 501 494 493 502 494 494 488 504
"807" 507 504 497 492 495 500 496 505 486 519 504 483 501 491 496 506 498 501 484 490
"808" 512 504 517 497 494 508 491 500 504 519 493 513 508 490 490 503 504 500 480 498
"809" 502 497 516 498 491 500 485 500 497 522 509 503 512 494 495 490 494 498 503 498
"810" 505 493 490 506 493 507 496 509 493 503 498 510 510 497 483 498 491 502 493 507
"811" 501 503 503 506 512 499 515 498 499 499 498 504 487 498 502 502 489 514 503 497
"812" 499 501 490 501 490 493 519 503 501 506 504 512 505 490 499 505 492 506 504 504
"813" 514 492 481 502 500 499 501 490 507 497 490 513 497 498 500 486 492 511 492 506
"814" 507 514 508 492 497 498 503 487 511 509 497 495 515 508 499 491 486 513 506 494
"815" 499 510 488 504 504 508 500 476 516 508 502 493 511 500 497 491 497 499 506 499
"816" 498 497 488 506 495 503 513 500 504 506 505 494 485 494 489 504 493 498 505 499
"817" 505 489 508 508 492 490 525 510 497 514 498 490 496 492 498 502 502 497 502 501
"818" 510 507 498 499 499 485 496 501 505 514 498 507 516 496 495 500 498 503 491 495
"819" 501 499 501 499 500 504 489 498 501 500 514 510 506 501 491 508 491 500 504 485
"820" 516 519 497 493 488 478 500 501 500 500 517 493 516 498 492 504 502 505 497 501
"821" 492 509 509 502 502 509 493 505 491 514 493 512 505 496 500 488 503 494 502 506
"822" 501 510 494 502 491 489 498 507 498 511 513 509 507 496 491 497 504 510 509 510
"823" 489 511 503 505 505 493 506 509 485 491 497 517 494 499 489 507 494 500 505 489
"824" 506 498 501 507 500 513 495 500 503 494 509 500 499 492 495 504 495 504 503 511
"825" 501 506 507 501 506 507 510 481 506 509 494 508 500 494 486 492 489 492 495 503
"826" 495 515 492 490 498 491 509 494 507 503 509 501 504 498 519 503 492 509 497 504
"827" 494 495 496 495 509 496 513 492 514 513 517 492 501 494 509 506 485 502 509 509
"828" 505 493 497 512 503 505 501 508 503 516 504 518 501 487 488 497 489 488 511 502
"829" 509 500 501 510 505 515 489 480 493 502 506 493 504 490 503 519 500 515 516 497
"830" 513 503 497 498 509 500 503 487 502 515 494 511 507 489 501 514 499 499 499 501
"831" 506 514 487 499 495 512 491 504 509 496 509 509 490 491 499 509 502 507 492 509
"832" 502 498 497 491 505 508 499 505 490 501 499 501 500 495 501 495 492 515 491 505
"833" 508 505 486 494 490 488 507 484 492 494 491 519 512 501 510 505 502 487 485 501
"834" 493 503 506 494 512 504 489 494 522 528 506 486 489 501 500 507 496 508 489 506
"835" 501 493 511 499 485 499 500 499 497 506 506 494 524 508 499 514 482 494 511 517
"836" 487 507 498 503 500 507 491 501 504 503 499 521 501 497 474 504 487 491 496 507
"837" 503 505 492 500 488 501 488 505 489 496 515 494 495 498 496 503 494 510 500 503
"838" 494 495 507 508 502 504 494 503 519 514 503 495 512 505 492 500 505 499 498 501
"839" 507 506 482 504 482 506 491 509 494 505 503 525 513 489 485 508 499 486 494 490
"840" 507 521 487 499 496 490 513 497 514 502 497 497 485 485 487 504 500 506 500 496
"841" 490 509 498 506 496 494 496 505 493 501 512 496 508 501 499 510 514 501 506 512
"842" 502 500 502 507 500 514 496 514 506 508 512 491 507 511 491 505 494 511 490 504
"843" 500 506 507 504 498 502 502 509 494 513 483 494 505 506 483 512 498 504 509 506
"844" 502 512 496 501 507 488 502 474 502 500 498 488 513 499 497 499 489 498 504 502
"845" 499 500 485 506 500 475 488 508 497 506 507 518 524 494 489 507 498 504 489 504
"846" 506 502 503 490 489 492 500 502 526 515 499 492 510 499 508 499 497 500 515 500
"847" 508 493 507 507 499 504 506 501 507 495 506 509 510 488 488 503 485 488 503 498
"848" 503 500 523 501 506 485 501 501 511 507 512 524 504 477 503 505 508 509 486 502
"849" 504 500 491 492 491 491 503 500 511 513 508 486 495 492 493 503 492 512 502 499
"850" 505 518 490 499 513 504 507 506 523 501 492 493 504 489 497 496 502 497 502 496
"851" 510 506 493 495 500 495 494 510 495 502 503 506 504 493 498 499 506 490 508 490
"852" 495 500 492 508 494 499 506 479 498 519 512 496 518 486 483 517 482 500 502 506
"853" 501 499 503 501 495 493 500 515 498 506 506 486 499 508 490 501 516 493 505 503
"854" 503 498 489 497 500 483 503 503 524 501 504 494 499 502 510 500 495 499 491 513
"855" 502 505 482 493 491 481 494 506 518 505 499 486 523 485 475 503 512 500 503 498
"856" 508 506 490 493 511 485 494 497 502 503 509 488 514 488 501 496 504 498 490 498
"857" 512 503 490 494 504 508 513 505 493 501 511 508 495 505 495 501 490 502 504 507
"858" 508 515 493 508 495 491 497 507 496 517 498 495 492 492 490 509 499 488 506 508
"859" 491 498 491 500 502 485 501 511 510 497 496 504 504 505 483 495 492 497 510 505
"860" 500 505 497 496 503 511 491 492 500 500 493 489 501 500 497 518 508 510 503 511
"861" 495 499 495 499 491 504 489 510 515 494 505 519 494 493 498 506 490 502 493 505
"862" 491 500 492 494 512 507 516 500 496 495 496 494 517 491 487 494 499 507 495 514
"863" 495 500 502 495 494 495 501 518 523 511 506 501 489 513 488 515 499 494 495 496
"864" 491 484 498 498 497 502 504 495 514 502 502 499 515 488 506 509 492 503 498 521
"865" 517 506 482 503 503 508 520 504 486 504 498 493 496 489 487 510 495 492 499 487
"866" 492 509 506 497 503 493 487 495 496 507 506 510 502 502 490 495 502 504 503 490
"867" 502 511 498 502 503 500 507 498 493 503 503 514 502 506 510 513 498 513 515 503
"868" 503 497 498 505 506 494 484 497 491 518 495 486 507 508 503 495 491 503 502 515
"869" 494 522 495 488 496 496 490 503 516 491 497 501 500 501 486 502 511 515 498 512
"870" 485 505 495 496 493 509 507 502 515 503 505 498 499 508 502 509 507 510 515 502
"871" 496 505 502 498 504 476 507 512 507 509 491 494 503 494 500 507 499 499 503 499
"872" 512 500 516 507 502 509 499 505 487 505 506 481 486 493 511 513 500 500 497 496
"873" 490 501 497 501 500 495 500 494 514 512 494 498 502 489 489 499 494 487 507 518
"874" 507 503 508 503 495 487 499 480 490 513 488 505 501 503 512 500 506 491 505 514
"875" 493 500 503 481 500 495 492 500 504 494 510 514 501 505 488 513 500 507 501 495
"876" 508 496 503 492 502 519 503 490 498 500 514 510 516 493 481 509 490 508 501 489
"877" 500 509 504 487 500 508 517 514 491 501 506 492 505 498 510 515 501 514 500 500
"878" 498 514 477 494 489 514 505 481 519 513 501 501 501 493 492 506 486 507 490 491
"879" 515 500 501 508 504 484 498 496 502 496 493 513 499 500 508 493 494 496 514 499
"880" 494 508 491 504 488 513 499 504 512 508 514 491 510 498 500 500 492 492 510 496
"881" 495 503 499 490 495 484 507 509 498 512 494 511 512 500 492 503 486 500 499 500
"882" 512 489 506 497 493 506 485 506 496 502 508 512 503 494 502 502 491 516 501 510
"883" 512 508 498 495 507 494 503 512 506 507 501 517 503 505 489 503 489 502 503 482
"884" 511 499 500 500 491 506 496 511 513 517 484 504 507 483 496 501 488 506 493 513
"885" 513 518 500 502 490 506 500 502 495 493 509 518 496 496 483 516 483 513 502 499
"886" 500 496 494 511 494 499 491 501 511 502 503 485 484 499 489 487 498 492 504 503
"887" 494 502 492 492 512 498 507 497 515 499 516 507 510 503 501 509 496 506 499 501
"888" 504 508 507 491 485 483 500 514 519 505 495 510 517 492 498 503 498 499 501 508
"889" 493 515 497 502 501 492 484 494 507 492 489 509 495 505 492 508 498 502 494 506
"890" 504 505 489 494 489 518 506 491 499 522 508 500 516 497 485 517 506 501 497 492
"891" 504 496 494 504 498 507 506 503 515 507 518 493 505 501 495 500 493 500 505 502
"892" 502 504 502 507 493 477 497 497 507 513 498 501 493 502 489 504 507 514 510 513
"893" 511 504 493 499 511 511 504 499 494 504 514 506 492 503 499 506 498 504 505 497
"894" 501 508 487 491 487 506 490 505 519 500 491 492 505 492 488 504 514 498 495 496
"895" 495 517 500 499 493 481 500 501 496 506 502 514 510 488 510 497 488 517 500 506
"896" 507 509 505 495 501 503 501 490 493 495 501 494 501 493 504 504 507 506 489 484
"897" 496 499 503 493 497 484 509 501 510 514 499 488 487 501 480 513 486 495 501 494
"898" 503 498 488 499 499 507 509 493 493 497 502 514 487 494 505 506 489 503 499 490
"899" 509 506 505 497 502 506 504 492 486 493 509 510 509 505 490 502 495 495 498 510
"900" 505 504 495 503 495 496 499 487 506 508 500 522 505 495 492 504 502 495 497 499
"901" 505 510 496 495 500 486 498 490 509 508 511 503 509 496 505 500 503 488 507 500
"902" 508 511 485 492 488 501 503 509 490 505 515 515 497 501 490 505 507 506 509 490
"903" 501 502 485 481 498 506 498 497 515 500 504 493 508 496 498 515 505 502 497 510
"904" 515 516 503 500 496 500 488 495 503 499 499 497 508 515 495 512 498 516 495 515
"905" 510 498 512 489 493 497 496 508 499 499 494 510 511 497 480 509 510 497 497 501
"906" 494 508 501 495 506 503 506 509 502 500 497 501 509 503 494 522 487 505 504 513
"907" 489 506 498 498 505 500 492 505 489 503 496 517 482 482 490 501 501 494 500 501
"908" 497 505 499 505 501 496 506 500 506 509 492 511 512 496 501 515 501 503 509 495
"909" 494 486 512 507 491 498 505 496 492 503 491 520 500 497 502 518 494 507 499 495
"910" 497 508 493 506 502 499 506 497 486 500 501 521 502 499 505 512 496 499 497 506
"911" 499 500 484 490 501 489 498 503 503 511 482 509 497 501 498 501 503 499 490 499
"912" 495 500 499 502 509 502 500 506 506 499 505 511 512 501 501 504 494 523 509 508
"913" 505 508 499 495 511 499 510 499 502 511 503 496 510 497 492 507 498 493 504 501
"914" 498 496 491 491 496 500 506 483 499 507 506 501 491 505 482 514 496 497 504 485
"915" 501 498 503 494 484 500 506 503 511 504 511 492 498 508 492 510 497 499 494 507
"916" 502 511 512 495 483 500 506 508 519 500 504 505 492 489 496 475 502 492 504 499
"917" 510 512 494 501 495 505 501 497 490 493 510 511 503 502 501 501 509 513 504 499
"918" 504 497 493 494 504 513 485 493 507 502 519 497 504 497 490 507 494 498 499 513
"919" 513 500 497 488 490 509 511 501 501 506 492 512 510 500 500 496 493 506 500 487
"920" 501 497 503 492 497 485 506 504 493 495 500 480 507 498 491 518 499 506 502 502
"921" 515 505 514 500 507 503 519 483 506 509 505 490 504 491 496 513 492 509 506 511
"922" 504 511 496 490 493 501 503 512 505 499 493 498 512 494 492 496 509 502 507 501
"923" 490 501 489 485 493 495 505 499 502 496 487 509 508 492 496 507 500 497 497 495
"924" 492 494 499 494 499 493 509 509 512 508 512 498 489 507 474 511 486 496 500 510
"925" 494 493 482 498 504 503 497 506 498 501 496 488 500 503 497 510 491 514 503 506
"926" 497 514 489 513 495 502 509 503 514 502 494 495 481 488 486 493 510 491 510 497
"927" 501 498 501 488 509 507 510 506 497 520 500 513 500 491 516 506 504 500 494 489
"928" 512 508 477 510 497 497 513 498 513 508 502 515 510 505 503 513 502 499 486 500
"929" 496 499 508 488 506 504 491 511 504 492 497 504 505 492 497 508 504 485 506 503
"930" 489 502 491 489 498 502 491 500 508 505 494 515 523 492 495 506 497 518 495 502
"931" 498 498 493 505 496 486 505 507 508 512 501 521 508 491 499 504 502 512 502 517
"932" 505 507 507 494 485 496 510 492 505 505 513 513 501 495 490 510 503 494 498 502
"933" 503 510 509 500 499 502 495 511 501 500 497 500 496 492 481 510 490 491 501 500
"934" 499 502 497 492 492 514 513 505 515 510 515 509 503 504 494 504 498 513 505 502
"935" 501 497 502 507 488 480 503 497 509 523 496 512 497 502 499 490 496 520 517 495
"936" 490 500 504 503 490 510 507 489 498 500 505 484 508 490 509 501 481 502 504 500
"937" 490 500 507 491 504 498 501 478 494 509 517 519 512 493 497 508 491 485 490 494
"938" 505 503 497 512 502 480 502 499 505 505 497 493 490 511 498 502 502 514 505 506
"939" 500 499 505 498 497 497 502 509 526 501 512 504 492 496 496 500 485 490 495 492
"940" 499 496 485 500 491 500 499 499 504 500 512 519 491 497 482 506 503 504 507 502
"941" 505 507 503 501 502 496 513 505 490 510 504 498 500 502 487 503 486 496 502 506
"942" 507 506 492 493 518 508 499 487 515 505 504 517 503 502 498 501 491 498 515 505
"943" 502 512 491 501 500 501 506 514 511 516 506 508 506 497 496 514 504 492 500 506
"944" 495 520 497 489 493 503 500 495 502 514 491 490 502 488 490 496 506 499 500 484
"945" 498 506 506 491 505 499 496 507 503 503 510 488 499 487 490 502 500 498 503 514
"946" 508 496 522 497 493 505 490 501 513 509 499 498 506 488 492 509 497 511 502 501
"947" 489 495 499 498 501 487 487 510 506 514 518 519 501 503 504 518 485 494 496 504
"948" 500 507 484 501 497 491 506 500 480 508 494 491 504 495 495 508 501 501 493 493
"949" 516 493 515 489 490 508 498 504 493 505 512 501 494 506 498 502 503 496 487 485
"950" 491 524 502 506 495 518 495 511 492 507 505 494 490 491 499 499 503 499 494 505
"951" 506 499 493 497 499 510 512 510 520 507 502 506 498 483 472 508 499 503 510 503
"952" 497 496 495 503 492 491 493 513 512 493 494 515 518 497 496 504 497 499 482 506
"953" 508 494 492 501 510 508 494 498 512 480 490 506 515 500 505 509 490 497 505 503
"954" 498 497 493 491 508 498 513 505 491 503 506 527 506 488 501 510 496 502 494 509
"955" 496 483 501 496 486 499 509 496 510 506 504 508 499 497 498 503 500 484 494 503
"956" 492 513 504 502 490 504 502 500 494 517 493 490 485 501 505 496 495 499 501 489
"957" 503 509 503 494 488 507 503 508 509 503 510 514 509 494 499 498 508 498 501 488
"958" 499 491 503 487 492 509 500 498 505 508 505 483 512 503 479 495 502 508 490 499
"959" 501 496 500 499 499 478 495 501 497 508 513 508 506 491 478 499 512 505 507 492
"960" 497 498 498 492 494 498 505 501 514 506 498 492 485 503 493 510 495 501 503 499
"961" 511 497 498 495 494 491 489 482 495 508 501 494 510 509 509 496 504 502 498 493
"962" 516 521 494 494 496 502 499 505 500 506 519 490 507 492 496 499 490 509 502 499
"963" 495 498 495 494 491 499 498 508 508 521 499 492 497 511 488 499 496 490 502 507
"964" 500 498 493 489 491 509 502 509 482 493 499 493 511 500 496 513 504 512 492 501
"965" 503 504 492 490 497 495 496 496 529 504 498 488 494 492 500 509 489 494 508 504
"966" 505 509 510 502 498 499 488 500 499 495 517 521 508 487 490 511 492 516 493 504
"967" 498 493 504 497 500 487 508 504 500 510 511 520 506 496 500 493 497 511 502 499
"968" 500 522 487 509 504 513 491 487 534 507 489 520 490 504 495 509 514 503 508 507
"969" 501 508 514 494 493 508 504 498 514 518 512 510 486 490 489 504 488 497 506 502
"970" 495 510 498 490 487 502 506 499 490 505 506 493 483 503 504 512 503 499 503 499
"971" 507 492 490 490 496 504 488 509 511 512 495 518 493 487 508 513 486 520 510 498
"972" 498 506 497 502 495 501 512 501 496 518 497 490 508 492 507 496 489 511 497 503
"973" 498 501 506 497 497 508 503 511 497 498 497 483 506 495 499 514 476 498 499 506
"974" 488 496 504 502 503 493 517 497 513 512 507 511 496 487 502 504 489 501 498 498
"975" 497 496 498 497 489 499 500 499 489 500 496 522 513 497 494 515 498 505 506 503
"976" 497 511 487 509 495 489 496 513 515 507 493 489 510 501 490 517 502 512 513 499
"977" 509 499 507 501 495 504 504 519 492 521 500 515 507 498 511 497 487 514 499 502
"978" 496 491 511 505 509 488 515 512 502 506 498 503 503 499 504 496 498 502 504 497
"979" 516 526 495 491 495 496 504 508 504 507 497 513 494 504 498 508 487 497 510 502
"980" 511 501 503 500 493 497 506 501 492 505 499 509 505 502 484 502 508 500 505 499
"981" 502 507 505 477 492 494 499 510 500 501 506 481 502 505 484 505 496 496 505 499
"982" 505 513 504 499 491 507 498 495 500 502 500 519 504 505 500 497 499 492 500 502
"983" 506 511 508 489 494 508 499 509 499 504 500 493 487 502 501 515 505 488 509 501
"984" 502 508 501 501 504 501 502 509 502 500 507 507 491 499 501 515 504 508 504 504
"985" 494 501 504 494 490 498 499 497 492 522 496 481 499 497 485 521 489 498 496 498
"986" 486 498 481 504 493 492 506 511 519 499 497 513 511 497 499 506 505 509 506 512
"987" 501 513 499 498 505 497 492 488 508 513 513 512 514 494 479 507 489 499 509 510
"988" 489 504 504 498 497 503 495 494 521 500 505 482 511 498 500 499 492 508 494 504
"989" 504 496 498 493 495 512 491 503 502 513 509 491 486 498 494 500 508 501 491 502
"990" 485 503 487 504 503 505 506 504 500 512 510 511 499 484 489 520 494 498 497 513
"991" 490 494 502 507 510 507 505 510 511 498 505 496 519 495 490 490 504 500 513 494
"992" 498 505 499 495 507 506 502 503 505 512 500 508 501 488 494 512 499 491 488 504
"993" 498 514 506 494 493 495 493 524 517 494 514 507 496 490 501 491 499 512 503 496
"994" 509 509 507 498 497 510 493 496 487 506 488 494 506 491 504 506 498 498 512 507
"995" 503 497 508 503 486 503 493 496 496 501 515 515 486 494 483 500 502 510 506 495
"996" 497 512 496 486 507 504 491 501 511 504 501 524 510 480 495 509 497 501 496 493
"997" 490 506 485 502 508 501 503 494 507 518 486 487 504 498 491 505 501 521 502 500
"998" 502 498 493 502 495 496 515 509 500 516 497 513 500 488 493 496 508 510 484 515
"999" 501 515 488 502 495 485 490 487 508 515 522 488 486 492 493 507 502 492 500 501
"1000" 506 497 506 498 499 503 496 494 504 514 489 496 505 503 487 497 492 506 496 496
