"1" "2" "3" "4" "5" "6" "7" "8" "9" "10" "11" "12" "13" "14" "15" "16" "17" "18" "19" "20"
"1" 497 501 511 505 492 498 511 516 487 511 497 520 481 507 497 512 501 509 510 491
"2" 493 482 500 494 507 508 493 499 501 489 499 499 487 504 497 491 502 494 492 511
"3" 512 502 493 502 502 486 494 507 493 497 498 494 515 490 501 495 504 506 503 502
"4" 517 506 507 511 499 495 498 511 484 488 512 493 506 494 511 493 491 502 499 492
"5" 492 487 488 520 497 518 499 490 496 510 493 503 503 494 486 501 494 495 501 487
"6" 496 494 491 511 501 498 496 495 500 502 483 518 496 496 504 464 495 509 506 499
"7" 490 500 488 505 495 528 516 517 509 498 520 513 478 504 514 494 508 490 502 493
"8" 501 508 490 495 489 507 506 505 487 499 489 495 503 494 504 504 511 509 503 513
"9" 516 508 501 491 489 500 511 509 522 498 483 486 510 510 499 497 506 511 484 494
"10" 499 506 504 495 495 493 503 508 505 494 493 492 509 480 500 515 493 498 492 513
"11" 501 498 485 496 497 512 503 505 493 489 510 500 496 501 496 491 491 503 499 498
"12" 497 488 494 498 504 496 512 500 492 491 516 507 504 502 509 509 512 501 488 506
"13" 485 510 493 505 516 488 508 519 492 515 507 503 496 500 492 501 487 508 493 496
"14" 497 487 507 510 508 500 497 500 480 500 506 495 509 502 486 511 494 509 493 512
"15" 512 483 507 503 513 506 488 512 503 499 492 519 502 517 509 511 510 517 509 483
"16" 510 498 467 508 511 505 509 503 500 504 497 499 507 508 517 494 504 494 484 488
"17" 498 498 486 501 499 504 492 493 487 518 497 509 493 501 506 497 507 503 527 504
"18" 495 491 493 493 488 508 512 483 508 505 494 519 486 509 493 487 483 495 499 480
"19" 493 505 506 509 508 504 504 513 504 492 504 492 504 504 487 490 513 501 506 500
"20" 504 499 507 501 489 508 515 507 493 492 504 490 485 501 499 494 506 491 492 517
"21" 502 495 481 515 514 482 510 505 506 484 499 501 511 487 516 493 509 509 496 498
"22" 513 505 503 504 500 505 488 500 516 504 513 492 487 509 494 511 505 517 509 501
"23" 511 500 499 489 495 495 508 491 497 499 492 496 494 501 494 508 518 490 485 511
"24" 498 504 501 489 503 509 498 492 503 480 507 518 496 492 499 501 500 516 480 498
"25" 504 505 493 500 498 483 493 491 491 492 496 501 498 479 499 505 505 499 498 508
"26" 509 502 509 490 485 498 498 501 484 508 512 507 497 499 500 509 511 523 501 514
"27" 496 490 496 512 488 515 495 513 501 504 493 500 498 496 485 511 496 511 491 491
"28" 485 502 500 494 497 501 494 510 498 495 516 494 497 497 496 507 503 494 498 497
"29" 518 493 516 489 500 510 497 479 477 501 494 518 504 495 497 502 497 501 511 491
"30" 492 498 505 496 499 493 505 503 506 493 499 494 492 504 491 489 497 506 502 506
"31" 507 517 494 504 499 504 503 507 507 504 495 506 490 495 489 509 509 504 490 485
"32" 505 501 516 516 493 494 507 497 490 504 511 493 497 497 496 515 493 497 500 496
"33" 486 489 504 495 492 511 505 494 495 509 503 500 501 485 479 504 488 507 514 498
"34" 493 490 492 496 490 506 502 489 492 514 502 490 505 502 504 514 504 502 502 490
"35" 510 503 513 508 504 502 500 494 494 506 490 510 502 498 507 508 487 498 502 487
"36" 501 502 507 500 487 507 500 503 492 499 507 499 491 483 514 497 512 497 513 488
"37" 489 514 499 507 491 496 496 505 489 494 487 505 492 498 497 491 497 509 510 486
"38" 490 498 494 497 505 498 499 491 509 505 506 489 493 506 503 514 480 511 492 501
"39" 509 489 496 494 488 512 496 522 499 511 491 498 495 502 509 500 497 512 503 490
"40" 496 505 506 503 496 499 508 510 486 485 491 490 492 502 483 503 498 493 498 492
"41" 508 488 502 493 514 493 494 504 516 506 494 502 491 499 509 504 506 505 494 499
"42" 498 497 491 494 508 503 493 502 500 506 501 504 501 486 504 508 502 510 509 510
"43" 497 495 506 489 498 495 499 483 516 503 493 502 518 499 500 491 498 488 507 503
"44" 511 487 516 498 502 500 496 497 504 497 502 496 514 514 496 508 496 505 494 491
"45" 507 509 504 493 499 486 498 501 507 508 506 500 482 510 494 509 485 495 503 505
"46" 493 496 502 505 503 498 507 495 500 515 496 504 496 511 511 508 496 500 512 495
"47" 487 515 501 494 495 496 488 504 500 512 499 503 496 485 522 502 492 500 495 508
"48" 510 496 503 509 510 514 507 516 508 510 477 480 486 497 479 492 504 507 500 501
"49" 502 499 489 498 489 496 507 490 496 502 506 492 502 502 505 510 495 506 500 478
"50" 512 506 505 483 490 513 496 499 490 500 492 486 513 513 501 508 495 508 506 518
"51" 502 505 501 500 494 506 520 495 488 521 500 505 512 513 504 508 503 483 509 496
"52" 494 504 506 492 508 486 500 492 515 478 498 513 500 518 483 504 501 486 502 486
"53" 498 489 503 484 486 491 499 501 496 508 502 501 501 507 516 504 485 496 493 507
"54" 502 503 500 517 514 520 492 517 499 499 508 508 511 508 496 513 496 497 496 496
"55" 504 496 492 506 478 503 494 501 513 506 511 492 509 489 509 486 504 512 499 498
"56" 517 510 498 509 503 488 504 476 494 496 507 499 491 498 502 505 500 502 490 499
"57" 504 509 505 501 517 510 512 488 509 493 499 511 482 501 519 506 509 479 509 491
"58" 479 491 504 503 512 499 486 512 494 514 498 501 516 487 509 498 491 484 492 489
"59" 507 494 505 506 487 500 503 516 494 511 495 502 504 493 511 493 506 499 492 499
"60" 484 502 492 493 503 500 510 496 497 494 500 505 492 481 502 496 509 503 511 509
"61" 494 507 499 506 490 497 495 495 501 495 496 498 507 501 494 486 516 505 509 523
"62" 502 498 520 508 498 498 486 493 478 511 502 502 480 500 504 502 501 507 492 491
"63" 494 497 498 488 507 508 487 508 501 507 512 494 500 512 506 508 496 485 492 510
"64" 495 506 496 499 503 498 496 490 493 515 505 506 505 506 492 494 499 481 510 494
"65" 498 502 496 515 501 493 490 505 502 498 495 501 510 506 499 501 509 506 501 494
"66" 494 506 506 509 510 510 500 495 512 494 495 503 494 485 494 516 503 489 497 499
"67" 490 494 496 503 509 505 509 497 482 507 506 498 498 520 503 491 479 511 515 514
"68" 489 494 499 500 512 498 504 508 491 500 524 503 490 484 506 503 507 506 493 504
"69" 496 500 511 489 501 485 504 504 507 506 497 494 506 510 499 498 485 501 487 503
"70" 506 488 520 497 502 502 510 497 485 495 494 498 495 500 493 493 496 496 498 502
"71" 493 482 494 505 515 501 516 501 494 496 502 503 497 499 513 514 483 516 508 502
"72" 496 490 507 482 505 493 507 509 487 512 499 502 520 505 502 503 497 502 497 488
"73" 501 514 508 505 492 492 510 498 512 494 506 516 499 516 503 509 498 488 501 491
"74" 500 504 519 500 479 501 495 505 494 503 493 504 495 506 504 502 525 507 494 495
"75" 490 514 497 495 485 515 495 519 488 499 511 499 513 505 513 499 489 497 514 494
"76" 499 490 505 502 506 517 506 502 494 507 498 516 488 495 505 475 492 504 498 494
"77" 513 497 504 507 499 497 493 506 501 485 506 519 489 506 488 513 505 493 508 509
"78" 503 507 500 499 499 507 491 490 498 490 510 501 490 495 506 506 493 499 497 513
"79" 485 501 510 494 506 505 500 500 498 507 499 489 487 496 509 508 490 497 488 489
"80" 491 509 499 498 491 492 506 512 488 494 504 512 500 521 511 514 492 500 505 493
"81" 493 496 490 502 500 511 512 502 486 486 494 509 503 502 505 504 505 494 503 502
"82" 494 499 481 498 499 497 493 505 506 507 507 485 501 475 504 482 510 500 490 498
"83" 500 496 492 504 491 487 503 500 488 486 493 494 492 514 492 520 500 503 503 494
"84" 498 514 492 501 514 505 491 500 505 488 500 512 501 508 501 509 504 509 491 512
"85" 497 499 514 524 523 494 501 488 513 519 505 493 505 496 481 503 497 503 500 483
"86" 500 499 506 504 500 495 483 502 503 486 497 515 498 500 503 491 515 483 499 502
"87" 506 509 503 483 486 498 495 491 489 505 496 503 492 478 492 508 480 495 502 520
"88" 507 492 502 494 499 494 494 510 493 498 509 497 507 509 514 495 497 512 503 519
"89" 493 495 506 499 498 484 488 493 486 504 498 513 506 497 490 498 493 508 499 502
"90" 496 495 516 485 509 504 488 498 507 502 483 496 491 493 497 505 494 496 508 514
"91" 497 491 497 509 501 502 523 484 508 498 517 501 479 497 507 506 496 485 494 495
"92" 493 491 489 499 507 491 483 491 488 496 501 497 503 523 495 488 499 478 505 485
"93" 505 494 505 494 494 480 497 500 499 504 505 506 499 504 499 505 489 503 497 494
"94" 492 495 498 503 509 495 509 506 505 508 492 499 509 500 509 495 503 498 511 524
"95" 486 500 488 493 509 499 495 510 506 517 502 505 507 498 503 493 500 494 497 499
"96" 504 500 499 510 491 514 495 503 498 521 490 498 497 514 510 486 495 502 500 493
"97" 507 499 506 517 504 488 504 487 484 521 506 492 501 491 511 510 501 500 515 499
"98" 512 482 500 510 494 494 485 510 509 503 487 506 525 510 495 504 491 488 525 508
"99" 490 488 500 491 487 499 491 488 490 505 476 491 507 508 505 493 502 513 497 512
"100" 502 496 507 501 500 510 508 509 514 490 505 490 505 495 502 506 509 505 490 493
"101" 497 512 519 507 501 493 489 497 509 503 497 489 507 493 497 504 492 504 491 519
"102" 487 506 499 500 513 484 508 502 491 500 498 492 482 504 512 491 495 491 491 508
"103" 500 506 491 494 495 492 493 497 498 493 495 495 498 512 497 504 483 499 494 493
"104" 495 499 482 498 500 497 516 492 500 496 511 508 487 510 494 493 504 492 484 505
"105" 501 502 495 504 501 504 505 496 495 497 501 506 493 497 496 498 501 493 491 501
"106" 505 498 500 486 486 504 503 500 510 502 495 502 490 504 501 485 504 494 511 500
"107" 498 513 485 480 500 481 509 496 497 500 502 512 507 501 489 503 478 496 498 497
"108" 497 494 507 506 509 487 499 497 507 498 495 496 507 511 477 484 489 498 514 497
"109" 506 498 492 490 501 497 492 490 496 496 495 509 506 506 511 499 496 513 499 520
"110" 500 506 488 505 495 516 507 499 504 489 494 513 502 502 491 504 501 499 478 492
"111" 477 496 501 494 491 505 506 506 492 515 508 506 507 491 479 502 514 514 508 507
"112" 502 495 506 520 486 500 524 489 528 507 494 509 487 491 496 509 505 493 509 507
"113" 497 505 490 513 493 502 496 516 494 500 526 479 487 487 496 506 503 497 501 502
"114" 501 520 488 509 502 507 488 484 507 510 497 509 500 475 499 501 506 498 491 502
"115" 486 514 492 504 492 492 494 489 505 493 498 495 508 512 492 492 500 500 510 506
"116" 501 500 489 503 505 483 489 481 490 488 505 484 493 508 511 504 488 504 494 499
"117" 493 498 498 490 507 491 490 500 501 506 492 498 504 494 508 494 497 490 498 502
"118" 496 514 508 504 497 484 512 512 499 486 497 503 503 505 494 508 525 518 496 498
"119" 507 486 504 508 504 509 515 517 503 496 513 489 516 510 489 495 501 510 500 481
"120" 494 498 516 502 498 502 499 504 504 514 490 484 501 520 499 507 488 493 509 502
"121" 502 510 522 532 499 522 505 485 493 502 485 529 509 487 497 502 511 486 493 517
"122" 492 502 489 506 496 504 511 503 509 501 502 485 514 496 500 510 493 509 505 494
"123" 505 510 484 510 508 501 491 500 492 506 494 489 510 504 517 516 503 496 488 495
"124" 493 507 481 493 501 515 494 494 498 508 494 509 492 493 502 498 492 493 491 504
"125" 499 497 509 508 494 505 504 506 512 492 510 496 506 494 497 505 505 500 479 501
"126" 506 492 502 497 503 484 499 504 498 508 512 510 499 506 506 478 500 490 519 490
"127" 494 486 490 489 504 505 494 500 492 484 512 493 505 516 509 499 493 486 505 517
"128" 482 493 495 499 497 517 488 506 502 516 505 496 489 501 498 516 523 491 494 502
"129" 500 496 505 497 518 508 499 493 491 491 512 504 509 505 516 501 502 497 506 503
"130" 499 486 487 507 494 496 506 491 492 502 500 499 502 510 480 507 495 473 491 501
"131" 502 492 506 490 520 502 488 508 522 506 508 494 512 497 507 515 492 497 509 510
"132" 500 496 501 496 500 496 515 514 494 500 499 484 512 508 505 503 506 486 497 495
"133" 510 492 512 500 498 498 495 494 495 498 494 498 497 513 510 496 519 519 502 508
"134" 510 513 497 503 518 501 499 479 499 496 486 511 504 493 504 489 515 500 502 497
"135" 501 484 501 516 502 521 500 496 495 489 494 495 486 512 496 514 502 519 494 503
"136" 483 508 494 494 498 503 505 501 490 505 504 503 500 501 491 500 500 481 486 505
"137" 509 484 483 498 501 496 513 497 497 496 494 504 493 502 501 489 503 489 531 503
"138" 496 491 506 504 509 487 500 510 503 490 501 496 499 506 486 503 490 483 497 485
"139" 485 503 511 508 514 494 478 502 498 487 488 494 504 491 492 507 495 493 506 515
"140" 497 493 509 489 501 500 489 494 493 491 499 508 506 498 501 505 506 491 509 485
"141" 500 494 500 509 503 505 513 496 497 492 489 501 503 491 492 499 493 505 484 497
"142" 485 519 483 490 495 518 504 491 500 493 494 488 495 516 489 500 506 495 500 485
"143" 514 504 494 512 503 491 520 506 500 496 486 506 512 501 513 512 520 513 502 489
"144" 506 489 506 502 516 504 504 499 488 506 495 515 502 518 506 491 513 505 513 515
"145" 493 510 510 499 500 504 500 497 509 489 491 505 498 507 497 492 504 508 492 501
"146" 488 498 491 507 499 517 503 498 503 508 489 485 504 490 514 511 501 492 492 510
"147" 490 511 490 505 501 502 477 497 502 486 504 490 477 507 507 509 497 498 517 497
"148" 492 497 498 511 492 491 506 503 508 497 504 504 501 499 498 485 500 503 511 509
"149" 504 516 519 514 487 502 504 493 487 511 487 511 510 495 506 505 514 495 514 489
"150" 517 491 510 486 486 498 499 505 505 509 503 516 483 498 500 501 488 501 505 502
"151" 497 493 485 485 497 505 500 518 500 509 499 487 512 517 510 500 500 504 503 491
"152" 495 520 491 494 515 523 484 502 503 502 500 498 495 494 506 489 504 494 478 501
"153" 510 498 503 500 490 498 495 494 521 511 506 497 498 490 499 507 515 487 507 490
"154" 501 495 500 497 495 481 498 488 503 503 487 491 487 512 513 492 500 497 467 487
"155" 500 502 492 491 506 498 504 498 509 493 500 503 513 499 508 497 493 496 501 501
"156" 492 494 507 515 502 496 507 510 494 516 489 497 493 498 494 507 481 505 497 496
"157" 503 495 489 488 492 506 509 487 504 491 507 494 497 506 489 494 492 506 493 514
"158" 515 510 503 506 506 504 489 498 513 497 501 496 500 500 487 486 493 515 496 485
"159" 499 503 501 505 502 499 502 502 492 495 507 501 507 491 504 488 499 491 508 505
"160" 495 495 500 501 502 498 495 494 484 523 500 490 516 500 506 502 493 500 487 498
"161" 504 507 492 496 511 493 494 501 510 481 509 489 508 493 502 502 504 486 505 488
"162" 491 487 514 495 504 492 511 512 499 513 496 493 503 480 518 485 497 493 494 505
"163" 510 520 501 490 509 511 476 496 495 510 501 493 505 501 501 493 502 482 512 502
"164" 501 478 518 511 508 498 495 491 492 489 502 504 513 507 506 501 497 477 502 490
"165" 494 506 503 493 483 502 532 499 496 497 488 499 503 500 489 492 490 497 500 501
"166" 494 500 497 504 501 505 489 509 516 506 486 492 510 510 493 494 497 512 488 498
"167" 494 505 506 471 491 501 499 492 503 485 496 499 495 514 486 497 482 513 507 502
"168" 513 508 506 505 501 482 498 506 485 492 499 506 494 496 488 510 498 505 503 508
"169" 494 484 494 488 489 507 498 512 510 501 511 490 493 497 489 513 490 505 510 501
"170" 499 488 500 508 494 510 494 515 498 494 520 489 487 502 506 512 498 513 506 510
"171" 487 505 494 509 510 503 500 481 511 480 477 484 485 482 513 498 499 480 500 496
"172" 508 509 496 517 498 480 511 501 508 501 500 495 484 504 495 499 489 510 502 501
"173" 515 489 505 499 514 513 500 503 493 508 494 506 489 498 466 494 500 517 508 512
"174" 505 500 494 505 489 481 519 512 492 511 496 501 506 503 507 494 501 497 492 503
"175" 495 501 506 503 503 499 508 498 515 507 523 508 494 494 498 494 514 503 496 507
"176" 495 489 506 487 503 504 496 501 482 499 492 498 492 489 494 504 501 510 480 498
"177" 518 494 504 492 491 501 509 484 510 503 510 508 491 497 488 511 506 487 507 491
"178" 497 518 505 501 502 501 492 509 502 517 501 508 512 498 492 502 510 494 508 498
"179" 498 493 495 505 487 503 501 517 496 511 499 510 522 504 494 503 515 489 498 514
"180" 498 488 494 489 492 494 498 501 492 511 508 488 522 513 508 494 499 510 491 500
"181" 497 502 500 508 524 499 513 491 494 502 511 490 488 505 505 505 494 515 506 502
"182" 494 498 510 501 506 509 498 507 496 495 492 502 495 510 504 500 499 489 510 503
"183" 488 504 518 493 490 523 500 494 498 489 495 501 502 503 483 520 500 509 478 479
"184" 505 503 502 503 494 492 500 506 493 503 517 503 519 521 517 504 493 490 510 499
"185" 490 480 509 505 509 486 478 495 501 509 490 497 501 492 502 484 500 506 491 517
"186" 506 495 498 501 506 486 503 496 493 503 490 506 493 505 500 516 500 500 507 501
"187" 506 488 496 494 504 516 498 507 502 508 513 493 496 513 515 497 484 511 500 522
"188" 497 490 491 512 503 496 484 515 492 510 518 481 513 498 508 499 503 497 502 506
"189" 495 505 511 471 495 504 514 506 508 479 494 501 488 484 498 501 481 491 512 493
"190" 497 513 489 486 506 513 514 505 489 493 498 503 495 510 522 495 506 496 489 498
"191" 519 501 509 505 504 499 486 480 519 499 493 506 478 498 497 482 506 503 497 502
"192" 502 493 501 510 528 503 503 513 484 487 517 501 518 510 512 500 512 503 518 518
"193" 487 496 490 502 506 505 500 504 496 501 501 498 509 509 522 495 494 492 502 499
"194" 484 513 514 495 498 505 507 496 501 500 489 505 514 505 513 512 505 505 489 500
"195" 499 510 512 488 508 492 505 490 491 504 496 505 513 502 488 497 496 479 479 505
"196" 499 506 503 503 499 507 518 492 509 504 504 493 504 503 500 491 495 492 504 502
"197" 506 509 492 513 497 499 521 498 511 516 509 505 493 505 498 486 508 522 509 495
"198" 497 501 498 502 507 493 497 497 512 504 492 488 503 493 510 500 503 493 486 506
"199" 482 499 499 500 491 511 507 498 495 496 509 507 498 490 500 501 485 513 508 502
"200" 504 495 509 504 497 514 494 487 497 506 506 498 482 501 488 486 508 495 504 496
"201" 510 492 508 493 499 503 516 507 507 502 484 488 493 502 496 517 502 514 507 494
"202" 512 499 506 488 491 486 518 504 508 483 514 489 515 493 507 492 496 500 503 501
"203" 500 509 507 507 494 497 514 477 491 500 477 501 493 501 509 501 508 496 500 516
"204" 490 496 506 490 504 495 492 517 504 488 502 502 492 493 507 511 510 514 510 516
"205" 499 500 483 499 481 498 486 486 513 511 496 496 517 498 510 501 493 499 502 490
"206" 501 498 492 513 499 505 511 513 500 501 496 500 486 501 506 509 500 503 503 496
"207" 489 497 476 502 509 498 495 493 497 508 514 498 507 505 492 502 505 497 506 520
"208" 519 506 498 512 502 501 495 493 495 505 518 508 503 507 504 509 500 494 493 511
"209" 498 528 507 499 492 505 506 509 493 501 510 496 505 511 494 510 512 509 490 507
"210" 504 484 506 494 499 506 495 491 502 518 492 490 518 495 497 506 486 521 508 517
"211" 497 496 495 491 505 511 509 503 526 499 496 486 490 510 515 485 507 500 487 504
"212" 494 495 498 500 483 501 495 488 512 508 505 506 512 515 489 491 485 493 503 499
"213" 496 485 492 513 499 507 511 496 499 502 495 484 526 490 508 494 501 489 497 494
"214" 484 488 503 500 487 504 502 498 481 506 494 500 502 505 507 511 500 504 501 500
"215" 497 494 508 488 502 503 494 489 505 492 494 492 494 491 503 508 533 499 510 497
"216" 503 499 488 498 482 496 485 478 504 512 497 504 509 492 494 497 495 505 501 488
"217" 492 493 495 489 488 498 509 504 488 478 501 514 514 497 496 495 504 495 487 492
"218" 499 527 519 509 496 512 511 503 507 506 507 492 494 507 504 491 508 498 507 495
"219" 516 505 510 510 493 499 491 504 512 495 470 505 498 485 501 490 481 488 495 498
"220" 505 486 502 493 499 493 503 494 494 492 488 497 498 505 500 503 493 505 502 493
"221" 514 491 498 511 500 494 488 503 487 499 504 501 501 503 517 512 490 496 507 506
"222" 501 490 524 490 509 496 503 499 508 497 493 479 502 512 504 514 492 503 494 507
"223" 498 502 510 483 503 498 506 484 485 495 498 490 508 500 485 500 497 500 497 503
"224" 513 499 493 523 503 493 502 505 488 503 489 484 478 493 504 494 492 513 507 504
"225" 518 495 497 509 493 520 494 494 498 505 507 495 486 517 489 495 486 498 500 475
"226" 492 504 491 499 508 500 493 487 498 494 515 501 498 484 520 500 503 501 497 473
"227" 499 510 481 516 508 501 499 487 481 500 509 500 498 500 518 500 499 489 485 485
"228" 490 488 506 504 518 493 505 494 496 481 485 498 504 496 491 506 495 507 512 487
"229" 500 502 507 501 501 486 492 508 502 504 511 508 510 524 498 484 498 503 503 519
"230" 525 504 492 481 494 489 503 498 493 502 489 496 513 505 488 483 502 508 496 502
"231" 501 494 509 489 509 490 494 487 507 526 506 506 502 514 502 507 508 494 497 505
"232" 496 483 503 506 500 498 493 498 508 490 497 501 497 507 511 504 505 493 502 473
"233" 489 509 510 502 495 483 489 505 495 484 490 501 506 498 504 505 502 494 511 498
"234" 505 486 508 507 508 511 483 484 495 500 501 495 500 507 511 506 481 502 510 493
"235" 510 511 494 499 504 493 502 504 489 509 499 509 502 494 502 500 499 497 498 515
"236" 511 503 502 503 493 498 488 500 528 510 500 494 510 482 498 485 481 512 508 493
"237" 491 492 501 506 495 527 503 490 503 516 492 504 506 503 521 504 501 490 499 510
"238" 502 502 508 498 506 518 487 503 500 502 506 521 517 504 504 512 483 496 496 503
"239" 502 508 494 491 498 496 497 507 498 512 502 497 491 491 514 492 492 493 493 501
"240" 511 514 487 508 487 508 500 498 481 489 488 508 493 491 521 495 499 490 494 518
"241" 487 519 495 496 507 525 506 496 489 500 506 509 486 515 505 496 509 502 509 495
"242" 491 498 511 500 509 500 494 502 496 493 508 494 501 502 494 507 476 504 488 513
"243" 490 496 487 498 506 499 501 496 502 504 495 502 508 517 508 492 494 502 502 501
"244" 496 496 495 502 502 489 505 502 494 510 481 509 496 503 489 502 502 491 481 505
"245" 481 482 495 506 526 514 496 492 501 500 499 491 504 494 490 496 517 494 510 496
"246" 509 499 503 491 503 493 501 494 496 496 507 492 481 508 476 485 500 504 495 487
"247" 505 494 500 491 510 499 497 490 507 502 499 501 502 514 503 493 493 501 503 514
"248" 499 493 497 501 511 502 505 496 509 502 500 504 486 502 497 500 503 489 497 504
"249" 499 501 498 488 493 500 494 494 496 507 500 511 488 504 496 504 489 486 499 487
"250" 503 489 483 514 511 489 510 502 508 491 525 498 508 501 503 499 499 495 515 490
"251" 505 513 493 490 500 497 502 504 483 508 492 498 501 504 506 485 487 505 509 483
"252" 497 493 502 498 508 497 510 510 491 498 504 496 510 508 501 485 494 488 504 492
"253" 497 487 514 497 489 493 512 512 512 487 504 494 500 481 489 506 488 497 499 507
"254" 495 514 518 515 503 493 481 510 507 504 504 502 516 512 511 499 504 493 500 498
"255" 486 494 509 500 498 497 505 501 491 506 498 500 512 497 501 508 504 494 488 512
"256" 504 515 510 509 485 512 495 502 490 492 496 505 501 481 495 511 511 520 492 501
"257" 503 502 503 507 494 496 522 511 504 510 488 502 510 507 504 508 494 488 491 500
"258" 486 507 490 498 505 508 500 507 500 488 503 510 491 499 520 496 505 508 508 497
"259" 500 491 505 512 502 499 507 501 504 501 504 494 483 479 501 490 493 503 509 503
"260" 516 501 492 485 490 504 498 487 499 509 517 499 494 483 496 506 499 511 499 493
"261" 508 495 519 499 511 499 502 504 496 510 503 503 512 507 509 492 493 510 504 496
"262" 506 490 494 501 500 495 494 487 493 509 485 494 493 506 509 500 510 494 503 508
"263" 514 496 497 489 509 511 521 498 487 503 498 492 496 510 494 506 500 493 501 507
"264" 498 494 489 493 509 517 498 500 509 493 490 495 493 496 501 498 514 491 490 511
"265" 486 484 492 497 484 502 495 484 499 512 492 501 496 501 513 493 482 504 489 489
"266" 506 482 519 499 488 494 511 507 510 496 525 511 501 490 494 505 496 498 501 484
"267" 500 499 516 482 492 505 509 500 487 501 504 496 513 514 506 509 505 493 497 506
"268" 506 506 499 493 513 485 478 494 519 495 488 493 492 514 502 480 501 508 503 483
"269" 519 488 508 500 500 487 497 501 492 499 494 487 497 493 499 499 494 506 491 500
"270" 507 496 505 505 490 512 493 507 500 496 498 507 494 498 495 521 495 510 499 503
"271" 494 513 497 495 489 487 495 509 501 507 489 497 504 494 501 493 506 502 496 500
"272" 492 513 498 497 504 503 477 487 520 503 505 492 502 493 502 501 498 497 505 500
"273" 504 507 505 494 506 508 505 497 500 520 508 515 515 507 483 498 488 498 485 504
"274" 488 502 506 499 516 494 502 486 510 480 498 508 500 500 498 502 492 488 509 502
"275" 496 503 505 504 505 498 509 502 500 497 485 497 481 509 500 509 515 500 514 506
"276" 494 506 498 489 497 515 488 500 513 485 512 500 503 495 506 508 494 509 482 479
"277" 509 491 505 502 504 494 504 510 501 503 487 518 513 487 496 490 503 506 511 513
"278" 498 500 500 493 509 510 503 493 492 499 496 503 521 487 508 486 495 520 503 493
"279" 493 511 501 504 506 506 495 511 510 481 511 485 489 500 491 510 490 494 491 478
"280" 496 510 504 488 512 507 504 498 520 499 489 491 495 502 491 489 506 497 473 489
"281" 503 498 502 517 497 494 499 505 503 493 499 469 489 509 491 505 502 488 489 506
"282" 494 504 494 504 506 514 492 507 510 509 502 511 517 510 485 511 521 513 496 501
"283" 510 492 509 507 494 508 487 500 515 494 498 508 504 483 499 509 488 485 523 504
"284" 504 503 506 502 505 510 508 507 507 502 482 504 490 492 512 493 512 492 489 504
"285" 487 519 508 499 515 513 482 502 506 481 511 497 494 492 499 525 519 503 495 506
"286" 485 503 499 499 496 512 479 488 521 492 492 499 489 508 504 507 498 499 498 503
"287" 500 487 489 494 522 479 508 515 496 492 498 498 506 495 498 497 492 507 510 498
"288" 506 502 509 493 528 498 485 491 485 506 487 513 504 493 510 501 483 496 495 487
"289" 487 496 509 503 489 493 492 504 503 489 516 512 506 497 484 493 503 499 507 510
"290" 512 514 496 497 495 511 497 497 491 506 500 494 494 485 485 494 500 502 505 487
"291" 495 499 507 491 503 499 512 498 505 491 508 502 498 495 494 504 493 503 479 488
"292" 495 495 499 494 510 513 506 499 517 489 510 487 496 499 478 502 514 508 494 499
"293" 495 507 510 503 510 496 496 496 507 493 494 499 508 507 500 508 508 506 492 506
"294" 495 494 503 497 502 476 519 505 492 512 492 506 498 509 517 500 509 509 500 492
"295" 504 494 494 497 489 529 499 491 487 484 504 501 519 509 505 495 504 493 492 514
"296" 497 502 518 509 477 498 501 490 508 508 484 506 498 507 495 487 515 498 520 505
"297" 472 484 510 512 500 504 487 504 491 492 487 512 485 503 500 499 503 477 516 498
"298" 489 500 499 497 505 503 495 501 506 487 489 494 500 501 477 502 490 505 488 497
"299" 509 505 495 507 489 506 494 505 504 500 484 509 517 494 501 505 490 491 498 495
"300" 497 507 494 496 516 490 510 498 514 511 507 491 497 498 502 506 491 491 486 496
"301" 503 503 509 497 497 496 511 500 491 505 505 502 489 500 500 501 506 503 497 498
"302" 512 508 503 495 509 501 503 513 501 522 492 507 509 491 490 492 499 504 485 504
"303" 512 517 499 500 496 489 506 506 493 503 505 526 485 517 514 492 493 515 499 490
"304" 499 487 490 491 499 501 528 503 501 500 512 510 497 490 514 505 496 502 504 506
"305" 494 505 486 483 495 499 478 490 491 504 493 510 493 495 501 495 511 502 505 514
"306" 510 501 480 500 496 483 498 497 496 517 491 511 510 490 524 512 494 514 509 495
"307" 507 508 495 489 509 490 497 490 502 495 497 508 487 500 504 499 512 499 494 495
"308" 500 500 493 489 518 508 491 496 505 506 511 490 506 494 493 514 489 514 484 506
"309" 507 491 509 505 509 484 502 501 499 485 502 495 488 494 497 506 498 512 496 495
"310" 497 499 503 503 501 504 505 489 499 489 490 494 501 507 508 498 507 501 484 512
"311" 475 498 508 503 495 508 487 496 482 477 493 492 522 496 499 500 500 484 493 505
"312" 502 509 490 501 496 510 494 498 497 506 505 488 499 508 493 502 495 507 503 501
"313" 491 496 496 480 495 513 506 478 496 506 504 497 503 510 489 470 494 502 500 502
"314" 504 486 503 514 503 500 500 488 497 510 495 515 496 516 502 496 487 512 498 500
"315" 499 493 497 518 508 505 504 509 521 498 489 497 473 509 511 512 502 484 496 496
"316" 499 492 507 508 501 489 500 498 496 505 510 510 476 501 500 496 503 483 507 501
"317" 503 498 504 494 502 487 493 499 493 502 482 493 489 496 497 507 498 493 481 508
"318" 494 500 494 510 492 486 483 498 512 489 499 506 489 500 499 505 511 485 511 505
"319" 517 503 505 505 493 496 501 500 515 495 500 507 517 496 500 510 512 505 482 503
"320" 491 501 496 491 489 505 503 509 504 503 492 502 507 511 493 516 492 521 492 488
"321" 498 488 497 510 509 488 499 501 489 492 507 500 502 500 504 486 500 511 502 509
"322" 500 502 495 495 511 507 496 489 501 492 499 493 489 516 500 511 497 505 523 507
"323" 502 492 507 510 505 514 491 496 512 519 506 494 506 503 510 514 491 499 491 513
"324" 511 508 490 509 494 487 513 499 503 513 494 499 491 518 487 491 499 493 489 497
"325" 498 497 500 501 507 517 492 496 507 506 497 499 495 502 515 510 501 513 500 511
"326" 497 504 504 495 488 502 505 496 489 520 505 486 504 523 500 497 498 493 491 500
"327" 498 502 493 506 498 500 498 504 524 502 501 511 505 494 496 493 505 490 505 497
"328" 504 505 501 498 504 494 513 497 507 489 504 491 490 494 505 505 502 503 494 506
"329" 485 499 502 512 500 492 505 505 489 506 498 493 501 515 501 505 495 501 509 506
"330" 489 481 478 511 493 499 510 512 502 502 500 502 493 507 509 494 506 483 493 495
"331" 509 487 506 488 494 495 509 515 509 502 513 506 494 500 513 503 490 484 492 510
"332" 501 497 512 514 504 497 500 498 502 496 514 491 489 498 494 506 504 483 495 517
"333" 506 496 511 495 510 504 504 505 487 478 498 511 501 514 487 499 487 491 490 511
"334" 507 485 503 505 491 513 484 496 507 506 510 503 504 488 494 492 486 502 496 497
"335" 508 481 503 483 497 493 503 504 496 484 508 510 502 494 502 501 510 515 506 494
"336" 496 505 496 482 484 485 507 493 500 495 501 492 503 490 494 499 510 517 493 491
"337" 506 507 493 487 485 507 504 502 510 490 495 498 511 501 503 508 507 503 498 494
"338" 503 495 519 484 497 509 485 497 492 491 501 491 510 512 503 495 492 498 502 522
"339" 497 498 501 499 509 494 488 489 493 522 487 516 499 507 501 492 508 511 492 501
"340" 496 485 500 508 517 493 501 498 496 491 496 511 493 508 495 505 514 494 498 495
"341" 485 491 509 507 510 489 495 509 505 529 501 502 500 498 506 504 508 509 504 498
"342" 498 505 505 504 497 495 494 510 514 511 502 492 509 505 508 498 503 487 516 497
"343" 497 499 515 499 492 505 489 504 503 491 508 502 501 504 494 508 484 498 506 529
"344" 502 508 488 507 507 511 510 497 497 501 491 519 503 507 493 502 491 498 489 500
"345" 483 514 495 491 501 490 495 486 497 500 502 496 526 510 509 506 507 483 497 504
"346" 520 505 510 505 490 488 504 509 512 506 492 512 491 493 512 490 497 497 511 510
"347" 506 491 494 498 517 503 504 496 497 508 496 498 501 508 493 492 497 481 505 517
"348" 503 512 490 486 505 498 507 503 481 493 489 519 495 506 504 464 496 512 496 504
"349" 493 508 489 520 489 492 506 490 503 509 490 493 509 505 519 500 507 505 497 480
"350" 515 522 509 512 496 487 515 493 499 490 517 509 496 501 521 504 509 506 505 501
"351" 488 498 484 504 494 498 496 479 515 506 481 500 503 490 508 495 491 501 486 488
"352" 499 505 485 506 510 497 512 510 495 506 482 525 497 496 509 494 507 498 498 502
"353" 502 492 510 502 500 483 488 503 498 501 499 511 485 499 506 483 498 500 505 492
"354" 484 498 504 509 495 503 491 486 503 503 494 491 499 489 481 489 487 503 492 497
"355" 497 514 473 503 503 491 513 502 488 490 490 511 496 475 496 491 505 493 507 498
"356" 502 492 493 490 508 504 501 494 491 507 502 501 496 489 482 494 520 497 492 495
"357" 490 492 487 501 502 500 486 500 500 499 493 484 510 506 491 504 502 475 514 502
"358" 502 498 504 504 513 492 514 501 505 508 498 496 506 488 497 500 506 503 499 506
"359" 504 497 498 492 512 515 499 486 499 493 500 518 501 492 506 489 501 497 502 509
"360" 484 503 492 510 482 493 493 486 509 509 498 493 507 510 497 488 499 485 483 490
"361" 492 495 500 510 508 518 491 499 509 491 510 515 506 503 513 492 495 492 501 509
"362" 492 488 505 503 511 506 510 502 483 492 499 506 487 512 487 496 495 498 499 507
"363" 495 508 503 508 494 492 507 495 480 499 493 505 497 507 493 496 500 487 506 511
"364" 488 493 496 500 495 521 504 503 510 511 500 502 501 502 477 486 497 492 498 508
"365" 492 505 502 510 480 495 491 509 505 496 509 502 502 495 502 507 499 499 522 512
"366" 490 505 499 504 493 485 505 507 506 491 485 481 503 488 509 522 509 501 504 490
"367" 510 498 512 498 511 494 499 506 500 498 516 498 498 492 509 504 492 511 497 497
"368" 519 503 503 504 508 511 505 502 507 507 502 490 501 495 498 489 491 493 499 496
"369" 502 490 514 504 501 490 515 486 510 510 505 482 506 491 515 504 502 499 504 519
"370" 497 505 496 492 490 492 506 518 497 486 511 517 499 518 511 498 500 492 503 491
"371" 511 491 487 505 513 494 506 510 506 499 483 491 491 481 488 485 496 501 519 495
"372" 507 499 507 500 506 491 483 500 509 482 493 496 477 501 496 506 497 496 507 502
"373" 509 501 480 511 496 519 514 501 506 501 492 510 517 498 501 495 500 516 507 497
"374" 496 512 515 506 506 506 486 488 500 510 488 515 498 518 489 506 509 497 499 505
"375" 509 494 486 491 514 499 501 514 496 503 507 499 502 497 502 502 496 507 512 498
"376" 486 498 504 493 507 498 497 503 502 487 506 492 498 493 492 495 506 487 498 509
"377" 498 496 496 490 505 508 518 503 507 490 487 491 476 505 515 497 496 501 506 499
"378" 499 504 500 498 517 503 490 504 509 506 523 499 495 495 497 506 487 494 495 491
"379" 496 517 503 503 507 519 497 516 482 503 492 496 481 524 494 494 503 502 497 500
"380" 499 502 517 504 500 500 491 493 502 500 497 502 499 497 497 499 497 506 500 486
"381" 500 491 496 482 509 502 504 511 494 508 501 495 518 497 512 497 505 502 497 495
"382" 517 479 511 487 489 501 491 502 503 490 487 494 501 498 501 509 506 493 514 513
"383" 501 493 486 499 490 524 503 506 494 515 504 500 500 506 499 499 509 496 497 509
"384" 491 513 505 510 499 518 499 512 520 495 493 493 484 515 530 494 500 501 502 495
"385" 506 499 501 504 498 490 503 512 502 506 486 508 494 520 496 500 498 491 503 495
"386" 503 506 514 502 503 508 506 492 494 500 494 502 501 505 505 506 508 510 491 516
"387" 504 492 480 502 501 499 515 513 517 508 497 497 508 506 508 498 491 488 514 499
"388" 502 508 496 512 498 514 507 491 496 487 492 517 510 505 501 501 503 495 509 499
"389" 485 497 496 497 507 504 492 508 496 498 492 513 499 504 504 498 506 497 500 502
"390" 493 503 500 491 493 507 488 512 478 500 483 496 494 512 508 501 490 497 494 496
"391" 509 500 495 495 491 494 495 509 509 488 489 490 507 517 510 502 498 507 499 485
"392" 484 501 497 494 499 487 505 499 503 512 485 508 496 496 502 503 496 497 491 476
"393" 498 487 496 511 511 501 510 512 501 497 504 499 495 493 487 503 501 497 505 506
"394" 503 496 508 493 492 508 500 504 502 501 486 509 493 493 505 481 506 497 505 496
"395" 516 482 498 497 501 507 489 503 510 506 498 500 509 501 489 490 495 497 501 497
"396" 501 495 493 514 504 500 492 500 506 490 483 497 506 504 496 498 510 486 498 510
"397" 489 495 512 501 501 498 503 493 483 500 494 502 495 506 501 510 492 505 493 495
"398" 506 503 512 489 512 496 495 526 485 506 507 494 506 500 481 506 500 482 493 488
"399" 478 489 492 500 490 494 489 515 501 510 508 485 495 487 497 481 493 499 523 503
"400" 498 502 508 488 495 498 516 486 509 501 490 507 502 501 498 492 500 488 487 496
"401" 484 508 511 493 499 498 519 504 511 493 483 495 501 523 499 508 506 496 512 480
"402" 500 501 513 506 483 498 487 512 506 503 501 512 507 502 494 489 487 497 488 500
"403" 500 512 506 499 489 511 507 503 491 490 491 485 508 505 501 508 506 508 494 506
"404" 499 497 500 515 496 517 492 517 500 502 496 505 512 495 499 506 479 506 504 511
"405" 509 512 492 499 497 500 493 490 490 499 507 494 507 507 501 484 512 502 479 511
"406" 490 503 503 490 501 510 512 498 491 493 509 485 505 499 511 506 507 505 521 503
"407" 504 511 499 499 489 514 507 489 492 489 513 488 498 506 497 512 499 496 509 503
"408" 496 495 505 516 507 495 507 494 490 497 500 487 507 510 506 502 495 508 503 493
"409" 502 499 495 507 509 518 507 496 498 512 486 490 498 505 503 508 499 500 515 501
"410" 496 495 505 507 507 486 495 514 493 505 500 502 502 505 499 503 509 485 508 495
"411" 503 498 490 493 502 488 522 510 519 509 490 487 487 502 502 504 500 518 510 509
"412" 511 498 488 490 475 482 503 514 511 498 507 507 496 493 487 506 491 520 516 508
"413" 499 496 501 509 516 494 484 508 504 508 486 485 522 507 511 504 503 485 484 506
"414" 497 491 509 504 505 498 493 502 500 496 491 500 491 514 502 521 500 501 501 487
"415" 486 501 498 500 497 507 487 498 491 497 510 488 502 510 484 495 502 496 516 510
"416" 497 494 518 504 510 499 505 499 499 505 489 498 507 501 524 503 503 507 501 501
"417" 488 502 496 506 508 501 505 489 504 502 510 501 497 521 506 515 498 507 515 498
"418" 505 497 504 500 508 494 516 494 495 499 509 507 496 510 501 504 517 494 501 507
"419" 486 531 491 503 507 493 501 497 501 499 508 503 504 512 510 510 506 493 488 506
"420" 514 486 504 495 498 493 491 508 500 503 508 500 490 489 515 504 498 497 492 515
"421" 508 498 518 498 508 503 500 487 493 493 511 484 503 505 507 498 498 507 500 484
"422" 498 502 489 518 500 482 493 498 495 497 501 487 486 512 512 507 508 496 504 494
"423" 496 503 481 506 490 489 496 487 495 497 493 505 484 518 508 499 497 507 480 503
"424" 490 499 502 502 492 502 501 511 492 485 489 493 498 490 489 495 507 489 495 493
"425" 506 477 504 488 500 506 514 496 506 495 504 498 498 494 495 499 508 496 488 483
"426" 500 506 502 495 501 485 500 496 510 494 492 503 520 512 503 504 504 508 500 482
"427" 498 493 508 500 491 496 493 496 507 493 498 507 485 507 506 512 497 506 501 517
"428" 494 499 497 490 480 491 483 503 487 505 504 474 502 490 510 491 500 482 498 500
"429" 510 504 505 500 495 510 503 500 497 514 501 494 499 508 508 505 493 495 500 520
"430" 495 499 494 507 516 493 513 500 515 491 488 502 506 491 502 505 506 505 494 494
"431" 493 490 499 500 505 503 495 505 504 511 492 499 485 496 491 511 492 503 488 504
"432" 520 499 496 502 511 496 505 496 485 504 491 493 498 511 505 511 499 511 502 503
"433" 497 485 507 482 494 496 507 501 494 494 505 504 508 504 499 491 483 513 500 511
"434" 507 489 498 509 500 495 504 508 495 500 496 500 501 491 491 502 504 494 489 490
"435" 495 484 510 496 497 502 498 504 498 498 491 488 520 506 491 485 492 500 497 483
"436" 516 509 486 503 494 509 493 503 482 491 475 505 508 512 485 504 495 486 506 492
"437" 517 508 506 501 506 482 492 501 502 488 494 489 523 499 493 491 479 497 493 488
"438" 493 494 508 512 505 493 505 494 507 499 509 506 497 506 505 511 493 518 503 498
"439" 492 496 490 506 498 512 506 501 496 496 499 486 499 512 504 495 504 511 500 499
"440" 498 514 513 495 506 501 502 502 496 503 505 499 499 504 507 504 491 508 500 498
"441" 489 500 490 513 522 501 479 496 507 498 501 496 483 510 502 495 505 511 516 509
"442" 503 491 507 486 491 509 500 514 501 511 495 504 497 503 484 506 490 490 500 498
"443" 499 506 490 503 504 499 502 506 497 515 493 496 498 494 491 502 512 506 495 498
"444" 499 506 490 510 499 487 499 495 514 512 500 490 499 506 487 510 501 494 511 492
"445" 497 508 483 514 502 496 487 496 471 509 508 495 499 511 512 484 499 514 501 503
"446" 515 517 496 496 503 502 524 493 498 496 503 482 504 482 496 489 494 505 507 508
"447" 498 499 493 481 501 496 501 494 502 498 503 500 499 482 498 488 495 497 503 519
"448" 476 493 496 490 495 506 509 505 512 513 511 503 507 502 493 487 493 497 490 495
"449" 485 490 490 494 514 507 486 489 491 505 494 507 503 505 494 502 518 515 503 493
"450" 482 487 481 507 510 497 509 501 486 502 501 512 509 497 497 502 499 503 501 506
"451" 501 494 498 504 511 514 499 504 494 500 504 508 502 487 500 506 497 487 504 493
"452" 507 503 506 481 513 486 490 509 494 498 507 502 491 508 493 490 509 496 508 513
"453" 509 503 506 498 491 488 501 495 497 509 488 500 506 502 501 498 516 508 475 518
"454" 499 508 492 496 504 502 515 510 493 492 481 503 506 508 494 507 497 505 487 506
"455" 514 501 513 476 494 508 489 486 496 508 490 511 494 509 500 507 501 488 503 517
"456" 508 489 500 499 515 501 504 494 492 503 484 502 499 511 494 495 496 513 491 503
"457" 509 489 500 490 475 508 491 492 488 501 519 494 502 500 498 508 499 526 500 497
"458" 494 504 505 492 505 491 494 493 517 504 495 499 513 501 506 506 512 498 495 495
"459" 515 514 500 495 491 490 495 498 501 492 505 506 516 505 481 513 511 514 487 499
"460" 494 511 506 483 503 491 490 503 497 508 495 490 491 495 502 497 500 504 489 519
"461" 508 491 496 499 510 498 492 502 507 513 504 485 502 503 521 500 496 503 495 493
"462" 519 493 502 497 492 495 503 507 506 488 489 488 527 509 505 505 488 488 503 486
"463" 500 512 499 498 491 510 503 497 503 497 486 500 496 493 501 507 485 506 517 474
"464" 495 493 499 501 505 488 512 493 506 513 488 500 499 512 500 486 491 498 507 492
"465" 491 498 483 503 511 473 499 513 490 511 503 506 500 484 497 501 504 500 490 490
"466" 508 515 482 496 506 500 502 492 494 508 510 495 506 514 498 513 513 483 500 502
"467" 501 495 498 509 490 489 490 499 506 505 500 491 494 508 492 508 498 506 501 506
"468" 497 485 495 488 487 489 501 503 503 496 495 499 502 491 511 483 502 494 495 494
"469" 506 506 506 502 508 500 497 505 487 494 516 488 499 512 508 513 508 505 504 500
"470" 491 507 500 502 497 501 503 501 494 487 497 500 504 491 497 492 481 507 502 505
"471" 491 482 511 512 510 491 504 504 500 476 511 508 500 488 511 509 504 498 501 500
"472" 491 509 485 501 514 492 518 493 494 497 508 514 489 506 498 495 492 507 498 493
"473" 494 500 481 496 491 492 499 476 495 507 503 505 498 492 519 480 487 514 506 496
"474" 485 497 495 508 495 499 505 486 502 510 488 501 504 491 504 481 487 496 502 496
"475" 509 494 497 504 493 489 496 509 488 510 515 499 502 491 522 495 486 505 495 495
"476" 514 502 508 499 495 493 506 495 488 505 499 493 493 498 497 503 492 476 487 495
"477" 493 502 494 516 496 494 499 502 490 492 496 501 497 503 505 491 490 498 493 497
"478" 511 501 493 499 502 496 491 524 496 523 504 506 515 504 473 489 499 503 501 492
"479" 509 492 501 489 509 493 496 509 493 491 497 490 501 491 493 501 496 503 499 483
"480" 481 496 495 506 481 500 510 492 502 498 515 477 500 487 490 513 481 505 509 488
"481" 516 499 503 489 475 497 503 498 515 507 492 510 508 509 501 501 499 503 510 488
"482" 488 496 502 496 497 509 489 503 497 506 506 511 486 502 488 492 490 511 505 503
"483" 510 489 490 500 513 495 498 489 507 491 494 509 501 505 515 496 491 506 505 489
"484" 497 493 501 498 506 505 504 504 502 500 498 506 512 490 488 509 509 507 496 499
"485" 497 509 508 498 504 497 492 492 485 507 494 493 514 490 515 503 497 498 492 517
"486" 483 500 508 501 507 531 505 517 519 512 516 501 507 509 517 492 501 490 485 503
"487" 512 487 499 505 509 520 512 501 498 508 503 498 499 485 492 510 497 499 501 507
"488" 499 486 507 495 509 505 487 489 496 505 499 487 494 501 500 506 523 492 490 512
"489" 498 491 502 496 508 503 496 509 502 491 504 488 502 487 512 500 508 507 496 512
"490" 493 502 504 495 501 486 481 497 501 479 502 503 498 491 485 489 496 515 517 504
"491" 498 492 495 507 489 492 517 480 511 497 496 511 521 510 495 498 511 494 497 497
"492" 504 500 514 492 494 503 511 495 495 508 490 485 510 499 506 492 510 498 501 496
"493" 504 487 491 481 512 510 494 502 504 482 495 503 482 502 495 504 490 496 502 499
"494" 507 495 505 499 504 503 512 495 504 515 492 490 493 511 513 514 494 502 504 489
"495" 489 502 496 486 491 489 514 504 495 486 495 516 498 501 494 502 487 498 511 487
"496" 507 491 501 489 499 511 500 504 482 501 492 490 485 504 485 509 493 501 495 488
"497" 489 514 497 503 495 494 497 496 493 501 497 499 486 497 508 493 504 495 493 505
"498" 495 485 511 500 485 489 525 497 507 516 505 499 487 494 492 494 494 499 486 507
"499" 510 491 520 497 491 495 516 511 493 502 503 504 486 512 491 513 491 504 515 507
"500" 520 499 489 492 498 486 504 502 492 489 514 505 498 491 492 506 504 493 498 497
"501" 488 500 499 497 482 509 505 504 508 491 512 497 496 488 508 510 494 502 506 498
"502" 503 502 504 509 496 510 496 512 497 492 502 514 503 500 506 519 517 504 503 502
"503" 510 501 500 499 507 496 500 511 501 484 500 506 483 501 502 511 496 499 497 476
"504" 494 505 488 506 484 505 478 491 510 500 499 513 498 495 504 509 495 480 502 511
"505" 491 505 494 514 506 521 511 498 512 501 498 492 491 491 495 513 510 493 521 493
"506" 500 497 506 493 510 501 498 509 509 505 509 499 496 500 505 505 502 493 500 499
"507" 489 502 502 509 499 489 502 508 501 486 513 493 510 503 489 498 505 500 500 495
"508" 492 504 502 501 488 503 510 496 492 498 513 486 511 504 496 495 510 505 499 485
"509" 496 504 492 494 509 503 484 507 503 513 494 507 501 505 489 499 510 519 484 506
"510" 503 509 501 487 505 501 488 502 514 506 493 504 505 506 510 505 502 507 516 488
"511" 501 510 501 502 513 496 495 495 497 505 511 508 487 495 489 504 486 506 499 492
"512" 487 502 506 516 504 507 500 495 507 509 500 499 491 507 516 503 491 494 490 480
"513" 501 490 488 510 482 504 498 500 503 494 508 509 486 502 482 509 500 502 503 500
"514" 493 505 508 497 495 491 493 512 521 493 502 489 513 504 500 492 500 515 492 503
"515" 514 503 488 499 495 496 495 514 501 488 509 487 489 503 488 514 492 495 493 497
"516" 517 512 492 507 504 500 500 502 507 500 505 512 486 497 498 502 515 502 521 511
"517" 494 486 488 501 497 497 513 502 480 510 521 499 502 498 490 496 502 496 496 513
"518" 496 511 491 517 487 500 492 493 498 490 500 526 497 502 519 501 506 500 498 497
"519" 491 500 506 504 488 507 516 472 507 518 475 503 497 489 493 497 485 506 516 509
"520" 499 482 494 496 505 501 507 510 503 513 506 507 510 490 487 489 508 512 501 504
"521" 509 495 498 493 495 500 501 509 497 480 504 495 493 488 494 500 477 493 510 498
"522" 494 494 502 511 495 523 495 500 499 495 492 510 505 500 483 520 499 491 500 499
"523" 512 504 503 498 497 498 505 499 481 509 511 501 509 485 489 505 496 518 497 483
"524" 513 497 501 506 491 509 516 498 505 501 503 502 509 497 498 516 499 506 502 508
"525" 498 506 499 491 505 480 498 488 515 515 494 496 490 484 504 500 503 504 494 489
"526" 503 495 501 502 485 514 518 504 508 488 483 503 502 501 491 501 502 498 500 492
"527" 500 499 505 507 486 500 500 493 502 500 482 499 492 496 510 489 503 517 500 503
"528" 499 505 499 500 497 498 507 493 501 486 506 503 519 503 488 490 491 502 497 497
"529" 499 501 512 482 502 500 497 513 500 509 501 506 514 512 513 502 505 494 494 512
"530" 498 492 494 499 476 502 499 499 486 501 488 490 495 502 494 494 499 503 512 506
"531" 512 503 496 512 494 499 499 501 492 494 504 499 505 489 512 494 495 498 514 484
"532" 492 499 508 474 503 501 501 502 492 481 499 500 508 494 495 490 473 496 487 501
"533" 495 481 508 492 497 497 516 500 499 497 510 492 499 498 505 496 491 510 498 507
"534" 501 507 498 496 496 502 501 510 499 493 509 508 510 501 514 504 509 501 509 502
"535" 508 512 494 504 504 492 505 504 503 512 504 498 497 489 500 497 507 496 517 508
"536" 510 495 485 497 498 504 509 489 507 500 498 511 479 508 496 506 502 507 498 499
"537" 496 514 500 500 497 515 514 502 504 494 487 490 499 499 510 495 496 489 486 485
"538" 501 486 499 496 516 493 512 505 483 510 498 512 522 507 502 509 486 515 481 486
"539" 502 511 503 509 501 505 515 503 484 510 509 508 513 493 508 509 503 502 490 508
"540" 511 505 502 511 503 500 505 488 490 510 499 499 485 504 494 495 507 512 484 492
"541" 509 511 508 499 485 495 490 502 499 497 505 487 503 497 502 480 498 522 510 506
"542" 498 501 489 497 504 511 497 486 491 504 512 498 483 505 526 486 498 503 491 514
"543" 510 495 500 491 493 522 494 495 507 503 505 506 492 485 497 516 504 486 484 515
"544" 498 523 498 520 499 506 485 495 487 494 506 502 511 506 507 504 495 502 499 490
"545" 509 496 502 501 518 488 505 495 506 505 501 488 503 499 518 502 511 491 502 485
"546" 501 514 508 501 503 507 499 503 499 492 499 497 502 486 501 488 494 510 506 505
"547" 501 490 505 494 500 475 498 495 505 502 494 498 510 501 509 504 513 493 505 496
"548" 496 515 483 483 502 510 504 500 510 505 510 498 492 512 506 495 499 503 495 491
"549" 509 483 502 496 501 499 503 494 504 506 491 489 492 510 485 497 497 508 485 493
"550" 498 512 507 491 506 485 494 482 496 505 509 491 506 509 492 513 498 491 499 486
"551" 495 490 504 510 514 503 505 520 501 505 493 515 504 492 499 500 503 509 494 496
"552" 494 504 504 517 488 494 496 493 506 503 516 506 507 498 506 498 490 502 497 525
"553" 489 506 504 500 493 496 501 509 491 493 498 504 502 510 502 515 507 528 514 501
"554" 493 505 508 511 504 493 492 492 499 497 491 508 483 500 476 513 483 493 492 497
"555" 499 489 515 495 501 502 499 501 494 514 520 513 507 508 494 503 508 500 504 500
"556" 512 504 484 497 500 479 500 512 495 492 485 495 508 498 505 483 509 510 496 485
"557" 492 497 498 509 499 491 500 502 502 510 505 504 492 493 509 488 502 499 487 502
"558" 500 491 485 499 509 509 515 502 501 505 497 505 507 501 506 492 508 496 506 514
"559" 488 497 511 497 500 503 501 496 507 492 503 488 503 500 496 505 494 488 487 500
"560" 491 500 504 510 503 501 495 513 498 507 507 513 486 491 501 506 503 496 498 492
"561" 494 509 490 490 487 507 500 500 514 499 496 490 495 493 507 517 493 503 508 505
"562" 485 506 494 499 487 493 497 502 491 498 487 494 490 492 494 500 505 492 488 494
"563" 501 491 508 507 505 500 485 506 508 504 496 497 505 488 498 497 507 504 500 491
"564" 487 497 507 496 497 492 507 491 509 507 508 488 486 495 507 499 484 504 484 516
"565" 497 494 497 482 489 505 492 489 499 509 499 521 495 503 499 492 491 490 501 499
"566" 482 504 497 512 495 513 488 492 503 485 507 495 485 505 504 513 497 498 486 499
"567" 500 491 503 488 505 499 493 483 504 519 512 518 512 480 507 499 498 506 508 502
"568" 484 484 493 480 489 481 484 496 502 489 499 505 500 495 489 498 500 511 489 493
"569" 514 488 502 483 512 502 504 507 493 506 491 502 510 492 495 495 495 482 495 502
"570" 495 488 501 510 497 492 505 517 516 496 499 510 511 500 510 481 487 502 496 482
"571" 498 507 502 512 495 513 506 495 500 506 492 488 506 509 494 495 492 516 494 496
"572" 491 508 520 492 492 495 497 500 514 503 506 505 487 496 502 498 508 510 506 496
"573" 499 497 495 503 506 500 497 493 503 499 495 515 512 504 496 502 493 487 504 493
"574" 500 493 505 497 502 508 506 490 483 499 502 511 514 495 502 496 506 498 496 502
"575" 494 491 476 499 499 494 491 518 505 511 480 496 510 500 513 499 508 498 483 493
"576" 507 498 512 503 505 499 493 485 492 499 497 497 497 496 503 515 499 516 497 491
"577" 504 509 503 500 489 501 507 497 506 501 498 492 498 493 523 495 501 508 495 512
"578" 499 504 510 487 502 510 508 499 498 498 526 501 514 505 495 491 519 488 501 487
"579" 485 506 502 512 493 504 492 488 510 485 511 490 508 507 500 491 489 492 498 499
"580" 503 496 502 505 495 502 509 497 508 492 504 493 501 498 505 509 507 519 498 506
"581" 503 497 501 470 490 488 496 501 488 498 500 512 492 507 498 520 491 502 491 499
"582" 504 504 508 500 523 516 505 499 512 504 506 509 517 503 502 502 496 487 507 497
"583" 509 509 498 507 501 492 497 506 504 501 501 491 492 489 499 518 504 504 505 506
"584" 508 488 506 509 492 512 506 484 485 510 508 506 500 507 496 503 502 498 495 493
"585" 514 503 496 504 505 490 485 502 490 483 503 497 508 497 517 500 495 494 501 474
"586" 511 501 509 492 488 495 504 497 492 513 497 502 492 497 483 501 519 519 508 512
"587" 505 497 503 507 480 501 515 494 499 491 509 501 496 500 503 504 490 498 498 480
"588" 499 488 511 513 503 504 512 491 495 501 500 497 499 509 486 496 497 504 503 487
"589" 501 497 498 493 482 480 498 493 513 501 499 510 499 495 510 510 490 506 501 508
"590" 495 501 503 510 497 499 501 508 503 483 499 497 505 498 515 492 489 490 484 518
"591" 491 510 496 507 504 514 513 500 505 484 486 489 498 494 504 481 489 513 508 496
"592" 499 493 498 482 505 503 509 511 492 501 511 481 494 493 492 495 512 501 497 511
"593" 498 494 486 508 496 495 504 499 516 487 502 485 494 494 488 498 498 507 485 494
"594" 496 486 499 497 510 505 511 504 486 494 511 498 495 517 483 511 515 497 496 494
"595" 499 508 501 493 512 511 490 500 492 514 508 485 497 515 510 501 490 499 490 504
"596" 496 518 513 491 491 491 507 514 496 492 512 501 509 494 508 516 516 506 506 491
"597" 509 506 507 499 500 500 502 502 492 498 507 501 514 490 497 509 504 515 510 497
"598" 504 516 513 507 487 498 492 494 489 508 508 511 509 515 497 511 518 494 502 507
"599" 502 514 518 518 497 499 506 496 501 508 505 499 509 504 490 499 491 508 507 497
"600" 492 511 510 502 495 524 511 516 490 501 511 495 500 495 499 489 510 513 493 494
"601" 506 503 504 497 497 497 506 506 493 490 490 507 497 493 489 502 503 498 492 498
"602" 479 514 504 498 510 520 506 512 502 498 493 498 506 502 516 506 495 499 506 500
"603" 486 501 497 500 501 504 513 502 509 472 506 493 505 513 494 498 504 505 506 488
"604" 509 507 513 501 499 502 499 490 505 494 498 501 488 492 514 491 504 503 497 505
"605" 510 501 497 492 495 487 491 514 480 512 496 492 505 504 489 494 512 495 499 504
"606" 504 502 511 506 494 503 490 503 480 483 498 490 492 506 495 505 497 493 501 511
"607" 501 508 500 494 502 497 522 516 491 503 516 500 512 508 502 507 490 487 498 493
"608" 507 488 503 506 486 490 515 502 493 484 491 509 499 502 499 503 492 501 481 503
"609" 490 510 490 509 499 500 497 492 499 501 504 493 494 491 495 508 507 501 509 505
"610" 502 502 498 495 506 498 496 506 498 494 504 503 498 510 509 502 494 505 496 507
"611" 492 497 501 495 486 499 500 493 484 517 490 511 497 498 499 495 512 482 515 500
"612" 501 508 507 510 507 496 501 507 508 498 477 519 508 491 510 503 502 483 502 480
"613" 505 478 490 502 503 487 501 499 489 500 503 478 511 506 484 499 503 513 516 490
"614" 496 488 498 479 492 502 502 506 491 505 491 510 509 502 509 492 512 514 512 496
"615" 491 495 493 497 496 497 499 511 499 505 490 504 498 489 504 490 499 490 511 520
"616" 505 508 509 498 499 501 492 497 489 495 512 512 505 490 494 486 508 499 511 511
"617" 492 490 515 495 495 502 486 497 514 485 516 500 500 483 502 501 488 510 503 494
"618" 523 491 491 487 484 507 516 493 498 498 479 505 494 502 495 502 497 497 491 495
"619" 500 503 498 491 495 493 495 501 515 525 505 489 509 497 500 497 493 494 503 512
"620" 496 514 495 493 496 476 496 490 495 518 507 517 515 500 491 510 501 503 501 495
"621" 511 501 503 495 511 513 477 491 510 507 499 499 510 492 514 505 508 506 498 511
"622" 504 489 510 501 488 488 507 501 504 511 496 482 487 507 498 485 496 500 480 504
"623" 479 491 491 491 502 500 487 494 496 508 508 503 485 514 493 519 498 506 516 493
"624" 483 507 504 494 486 503 495 515 505 516 493 495 490 503 497 505 510 504 484 493
"625" 502 489 505 497 488 499 501 506 502 488 493 499 489 500 504 494 502 509 499 488
"626" 487 494 500 507 503 507 513 519 491 501 495 493 507 509 505 500 503 514 512 485
"627" 496 507 493 487 509 497 503 492 502 498 492 501 491 501 511 510 492 493 511 496
"628" 509 504 497 505 494 510 487 504 506 495 494 496 495 505 497 481 492 497 512 513
"629" 519 511 504 503 495 502 492 508 497 495 491 496 500 501 506 505 484 502 518 507
"630" 518 506 494 496 499 506 505 499 500 505 503 510 515 500 499 499 499 493 504 509
"631" 490 519 503 513 487 485 492 485 495 491 489 489 496 503 513 495 488 488 497 510
"632" 497 505 494 505 509 517 506 493 487 505 503 499 497 514 504 498 497 501 497 497
"633" 513 500 501 514 505 495 486 506 513 493 499 499 493 489 519 496 497 508 511 507
"634" 493 488 510 499 501 514 500 511 517 503 500 500 517 496 492 489 489 511 503 507
"635" 497 516 500 502 481 492 486 516 502 504 507 502 498 502 526 491 509 508 512 499
"636" 487 510 500 501 499 521 494 508 497 502 493 497 519 493 509 496 487 503 501 497
"637" 498 503 498 493 485 494 502 505 499 491 517 499 512 483 503 505 505 496 516 513
"638" 500 491 492 502 497 500 497 501 501 494 491 502 493 485 495 497 504 497 505 525
"639" 515 492 499 503 491 478 508 515 495 480 506 494 494 480 488 494 505 505 501 500
"640" 510 492 496 521 497 498 505 499 488 485 499 493 493 491 496 489 492 512 480 507
"641" 487 503 492 494 498 502 485 499 506 499 490 502 500 499 486 506 502 503 513 488
"642" 499 497 499 495 501 513 511 488 501 508 510 505 510 504 503 506 500 493 499 492
"643" 498 508 497 509 501 485 497 509 512 484 502 491 512 502 490 506 510 504 496 504
"644" 502 510 490 489 480 506 499 502 504 487 478 501 500 495 518 491 509 487 509 495
"645" 503 499 504 505 507 501 508 506 477 511 505 494 485 495 480 497 515 494 488 508
"646" 510 504 500 494 489 499 495 512 490 515 500 491 501 504 506 510 494 499 512 506
"647" 495 513 507 492 499 506 500 489 504 512 498 503 504 514 515 495 497 494 500 503
"648" 497 484 491 504 494 518 508 493 488 500 497 506 487 501 515 507 489 507 499 490
"649" 472 510 500 476 496 482 502 496 493 491 499 499 499 493 492 507 498 499 500 500
"650" 505 501 507 491 516 495 523 497 507 504 495 499 499 500 499 508 510 494 505 508
"651" 505 489 492 481 507 505 507 499 496 499 480 494 488 509 508 508 501 503 500 497
"652" 509 493 490 512 505 508 505 498 498 495 491 504 502 499 495 486 496 496 497 506
"653" 499 511 502 516 506 509 493 491 505 510 501 498 499 505 493 505 491 516 487 496
"654" 500 502 500 515 501 499 506 498 494 507 489 504 500 499 498 512 506 509 495 516
"655" 509 494 485 491 496 491 498 502 514 496 510 485 517 488 506 519 496 500 505 512
"656" 492 489 478 497 501 510 500 510 497 508 496 497 509 513 503 500 495 491 498 504
"657" 508 498 504 484 508 505 503 512 491 494 507 504 493 496 499 509 497 507 504 492
"658" 495 495 499 488 483 499 494 496 527 508 492 509 508 509 501 478 494 500 503 487
"659" 500 506 504 499 504 515 507 505 505 491 489 495 485 500 498 505 494 495 508 512
"660" 501 505 505 508 491 531 489 503 522 491 491 502 497 500 499 498 496 514 492 509
"661" 481 494 502 502 494 514 495 490 512 505 510 498 488 483 512 507 508 520 491 508
"662" 494 502 514 501 491 504 507 497 495 490 499 523 515 494 494 499 520 517 484 507
"663" 503 505 498 508 489 509 487 516 489 481 514 502 506 500 490 501 500 489 499 508
"664" 492 494 489 501 492 496 489 492 519 503 480 488 490 500 492 499 479 484 500 507
"665" 500 500 492 495 496 504 503 492 486 497 485 504 503 500 515 482 508 505 501 507
"666" 501 504 517 511 510 494 478 494 497 498 508 479 501 507 483 488 498 489 492 488
"667" 474 505 510 485 500 507 504 482 502 516 507 498 492 490 507 499 498 499 510 498
"668" 491 491 510 498 498 494 514 507 510 509 497 503 496 500 494 500 496 507 497 499
"669" 491 494 495 498 493 505 490 483 486 501 503 492 494 502 506 502 524 514 486 502
"670" 505 491 498 503 512 511 488 492 503 503 510 503 508 500 500 496 500 511 492 502
"671" 484 484 505 503 497 488 495 518 501 501 509 517 499 491 512 503 493 509 489 485
"672" 497 491 501 492 499 504 498 483 503 494 514 511 509 497 487 501 506 493 513 502
"673" 485 508 487 483 495 499 510 493 491 508 503 513 495 505 503 491 502 483 500 500
"674" 491 498 504 496 498 510 504 511 503 490 500 517 496 489 501 502 502 497 482 505
"675" 491 504 495 510 502 496 496 503 510 502 496 500 525 500 505 501 495 496 506 518
"676" 491 506 490 490 495 487 508 512 489 496 496 493 481 505 513 511 512 509 488 502
"677" 485 507 495 506 475 493 499 488 500 506 499 513 500 509 496 498 504 494 506 503
"678" 518 499 505 505 485 495 503 498 496 503 468 490 493 511 519 495 503 480 502 498
"679" 501 495 492 504 497 504 497 483 505 493 510 507 510 499 498 503 494 499 497 522
"680" 489 495 502 502 491 483 503 501 486 498 490 511 496 491 499 506 503 486 502 506
"681" 497 484 501 499 494 506 502 497 497 491 499 489 495 506 474 498 499 511 491 507
"682" 504 507 498 503 502 495 506 497 492 487 497 513 497 503 511 504 483 493 505 496
"683" 493 498 495 515 505 488 497 488 496 497 504 510 485 502 497 501 502 481 502 482
"684" 503 494 516 496 507 508 508 493 512 489 499 498 505 530 487 506 506 494 508 473
"685" 507 493 497 495 497 473 498 501 480 506 509 494 497 493 489 493 497 499 506 507
"686" 486 496 495 504 516 489 503 516 486 490 490 489 488 510 492 497 504 498 506 513
"687" 495 503 497 495 497 506 490 501 492 505 486 511 506 514 505 491 512 512 499 502
"688" 506 503 500 504 502 513 494 492 511 503 486 496 490 498 498 511 486 509 505 501
"689" 500 501 503 485 495 505 515 505 505 502 514 505 493 497 501 512 504 512 498 496
"690" 520 494 516 489 492 472 486 482 493 502 496 495 511 507 503 504 496 523 488 495
"691" 491 496 493 508 481 485 511 502 487 499 505 493 500 496 506 507 505 496 502 492
"692" 492 512 496 505 503 496 508 494 499 497 509 508 498 507 508 494 499 511 497 498
"693" 486 509 491 510 504 505 507 505 503 497 492 494 493 505 496 495 503 503 519 508
"694" 492 501 522 496 510 502 503 498 489 497 496 510 498 499 480 488 498 504 499 498
"695" 505 507 500 505 509 502 493 507 503 512 491 499 499 501 501 495 507 506 495 497
"696" 504 485 501 498 498 503 491 492 506 516 490 507 489 487 497 474 495 506 511 503
"697" 500 515 517 503 501 495 500 501 509 508 512 493 492 483 503 496 507 510 489 509
"698" 509 507 498 495 497 485 496 497 489 495 500 503 507 496 485 495 505 498 488 501
"699" 499 488 499 514 501 505 505 504 489 513 498 494 496 499 495 500 512 506 498 504
"700" 494 523 496 506 491 515 500 493 496 485 499 507 496 501 504 488 497 494 497 497
"701" 516 486 504 495 485 498 493 494 498 477 500 499 486 497 503 490 522 497 501 504
"702" 493 497 493 489 508 496 513 475 518 502 489 488 481 500 496 482 502 493 500 476
"703" 506 512 500 511 492 498 509 496 506 498 496 496 513 508 490 502 505 512 497 504
"704" 509 502 496 494 503 492 497 510 501 510 501 500 505 495 505 501 502 497 502 494
"705" 493 493 503 503 493 484 483 509 515 502 498 501 491 503 509 503 501 500 503 504
"706" 512 502 511 491 491 496 487 499 512 498 506 498 498 504 497 497 489 513 485 516
"707" 502 489 508 482 506 497 479 502 504 484 497 498 487 498 484 508 498 498 508 483
"708" 502 497 507 490 509 505 506 521 518 503 504 504 492 503 501 514 474 488 510 502
"709" 499 499 517 481 505 492 503 502 501 505 494 491 492 506 509 510 513 503 494 511
"710" 489 508 506 508 494 493 501 495 493 499 505 509 508 498 503 482 491 507 499 510
"711" 499 501 505 495 505 504 485 496 511 509 495 490 490 489 519 494 503 480 492 499
"712" 497 475 502 508 515 500 513 498 488 486 487 492 532 503 495 512 503 509 492 492
"713" 505 493 500 495 482 505 495 501 510 514 505 485 502 495 511 494 513 487 502 491
"714" 498 504 491 507 496 515 487 487 498 489 500 489 503 494 495 488 487 505 487 497
"715" 497 496 498 502 511 500 482 506 493 488 487 506 501 493 505 512 493 493 497 499
"716" 506 499 494 492 495 475 494 499 503 513 518 502 496 488 509 510 501 498 506 501
"717" 494 504 499 495 510 495 498 526 512 509 498 498 489 503 488 506 506 495 492 497
"718" 504 512 490 502 512 505 499 494 497 491 492 509 506 509 483 498 496 495 497 523
"719" 505 487 494 496 490 507 489 503 502 497 506 514 494 486 494 496 495 500 511 508
"720" 504 513 489 495 487 500 502 501 500 505 492 503 499 503 494 521 507 519 493 514
"721" 506 491 470 503 503 500 502 499 490 513 492 501 510 491 512 493 504 504 508 501
"722" 490 489 495 512 499 504 491 526 501 493 490 483 495 491 510 501 509 505 508 493
"723" 496 507 503 491 496 482 487 500 512 499 508 498 503 509 508 485 499 505 487 495
"724" 506 493 506 508 492 495 501 495 499 506 506 505 496 505 492 492 503 498 508 494
"725" 480 512 478 500 504 499 483 502 500 483 503 515 493 502 482 499 495 502 513 504
"726" 512 495 518 500 493 501 485 497 514 517 516 501 513 480 496 494 491 494 510 493
"727" 525 498 506 484 493 499 498 506 486 514 491 505 493 479 501 499 506 509 498 494
"728" 498 495 495 485 503 501 501 494 506 513 498 512 499 502 494 503 499 492 480 511
"729" 498 519 508 499 487 492 485 489 496 516 503 509 495 487 497 503 489 491 496 491
"730" 480 509 493 499 493 504 492 513 499 502 517 495 505 504 503 494 510 491 501 490
"731" 504 512 498 498 495 491 497 512 500 498 500 489 498 492 509 508 507 506 508 494
"732" 498 498 508 487 494 504 510 493 506 493 495 496 501 506 499 499 497 506 511 507
"733" 482 501 507 492 487 509 499 489 497 519 497 494 487 483 488 502 505 495 500 494
"734" 503 495 502 509 497 492 510 505 507 517 506 494 502 481 504 494 501 504 510 500
"735" 485 504 504 504 493 486 506 508 487 502 510 506 502 499 506 501 492 500 516 501
"736" 492 499 500 495 500 503 501 504 503 502 499 484 511 494 504 522 504 505 496 500
"737" 498 511 515 496 493 503 496 510 504 511 501 500 493 505 502 509 500 507 501 508
"738" 492 497 503 496 509 503 487 498 503 504 504 498 503 488 508 482 491 483 507 500
"739" 533 504 512 517 502 501 511 496 485 510 488 501 489 505 518 500 495 488 492 501
"740" 510 500 501 500 484 506 504 494 513 505 499 506 493 490 517 508 507 499 511 502
"741" 503 488 489 509 504 489 487 503 507 490 480 502 500 505 480 496 502 496 499 501
"742" 497 488 505 508 510 492 481 490 509 501 490 508 501 488 517 485 510 508 495 495
"743" 505 507 514 488 504 507 490 498 512 510 504 515 503 509 490 493 484 484 497 501
"744" 490 494 501 490 504 499 500 489 492 502 508 511 498 480 514 507 502 495 492 503
"745" 488 505 493 509 502 498 496 509 495 502 496 494 490 503 496 491 497 511 483 495
"746" 487 506 516 513 497 497 497 499 498 498 496 510 489 491 492 487 498 500 504 497
"747" 508 493 511 490 506 511 501 515 488 507 475 506 496 512 506 497 506 495 507 488
"748" 499 487 500 493 498 489 498 518 501 496 483 487 491 516 499 512 520 493 490 489
"749" 495 489 488 500 495 497 487 489 506 494 514 507 508 502 487 522 500 508 496 504
"750" 499 500 504 479 506 526 500 517 491 506 487 491 498 500 507 511 514 482 488 489
"751" 487 492 481 491 502 503 515 504 486 496 505 492 507 502 514 490 506 502 491 499
"752" 502 499 486 504 496 494 514 520 505 490 497 500 502 499 505 508 505 506 519 503
"753" 481 490 500 490 504 501 499 506 485 492 500 501 508 518 480 491 499 482 509 505
"754" 506 502 492 513 499 504 499 508 498 479 498 503 513 507 502 509 496 494 498 522
"755" 512 494 507 525 509 496 505 497 497 500 497 503 492 501 519 485 507 492 506 485
"756" 498 488 509 501 511 492 510 502 503 495 508 511 496 506 491 494 483 501 500 505
"757" 493 504 509 503 502 524 517 508 507 504 498 521 496 492 482 507 482 492 500 490
"758" 496 514 485 499 493 511 499 527 495 491 515 496 510 506 509 498 477 493 496 502
"759" 512 491 490 500 489 485 496 502 502 512 494 486 503 485 493 502 492 507 517 498
"760" 515 510 497 503 490 504 499 488 490 493 492 500 496 500 488 506 500 511 506 500
"761" 504 501 491 500 498 492 503 489 516 500 497 508 506 502 497 498 487 478 489 481
"762" 502 521 492 492 504 497 515 496 494 520 496 494 501 512 506 491 502 479 511 486
"763" 495 495 501 500 495 508 491 492 490 508 481 501 481 509 493 508 490 502 504 507
"764" 505 509 487 497 508 490 483 500 498 490 497 513 507 498 500 503 498 494 506 499
"765" 505 509 492 501 496 520 504 501 509 505 499 498 495 490 503 500 507 505 512 509
"766" 511 491 508 500 499 509 506 494 501 499 510 498 506 505 491 501 512 488 499 517
"767" 497 490 503 499 506 500 496 494 504 496 505 506 499 491 501 492 500 504 520 507
"768" 501 490 496 506 495 505 502 496 499 508 496 484 481 493 493 502 494 508 497 502
"769" 488 509 496 487 503 502 507 483 499 484 491 504 513 493 507 513 493 500 488 501
"770" 485 502 501 502 508 502 502 502 501 505 482 504 510 519 500 493 501 507 502 502
"771" 490 504 487 491 492 492 488 516 500 490 510 502 524 513 512 507 501 505 494 493
"772" 500 494 502 501 498 505 500 496 487 518 497 503 519 507 505 492 498 511 510 493
"773" 497 509 500 498 518 507 499 494 508 501 500 509 500 500 509 505 509 486 496 494
"774" 510 501 483 505 505 492 500 495 511 503 487 499 494 499 525 492 509 500 506 512
"775" 504 507 493 499 498 511 498 493 499 490 505 499 506 500 512 502 502 490 515 488
"776" 499 509 490 510 503 491 511 503 498 498 489 504 495 495 501 503 483 512 492 494
"777" 488 510 493 498 508 500 498 511 490 493 507 507 502 492 500 497 511 508 500 502
"778" 503 497 490 499 510 506 508 500 498 493 499 505 506 488 501 503 499 501 504 487
"779" 510 506 497 485 503 508 485 503 505 511 509 508 504 496 515 508 506 498 503 505
"780" 485 509 506 487 488 502 497 505 502 480 514 493 510 504 521 502 507 497 501 507
"781" 502 482 508 497 480 493 474 501 484 492 498 499 494 518 506 499 489 501 496 495
"782" 507 503 500 501 499 509 500 488 496 501 510 481 506 502 508 504 486 500 503 490
"783" 495 509 491 501 504 495 512 507 500 507 501 500 508 501 497 480 517 498 514 499
"784" 511 509 498 499 500 512 507 498 512 508 502 519 495 504 500 509 497 502 522 512
"785" 496 508 515 487 491 494 493 476 506 503 499 491 503 511 506 503 504 511 493 487
"786" 491 516 506 503 492 497 495 502 504 501 492 504 502 470 503 505 499 489 486 491
"787" 510 486 513 495 494 492 500 501 500 503 486 501 488 504 494 494 505 487 508 504
"788" 493 502 500 500 506 501 497 509 506 494 490 493 501 506 507 503 520 496 510 489
"789" 497 489 502 507 479 503 495 507 516 489 507 495 497 510 487 501 504 504 483 505
"790" 491 491 504 503 497 499 501 483 498 501 495 508 502 504 488 515 495 514 523 500
"791" 487 500 480 498 495 514 498 509 496 516 512 511 498 509 479 489 499 500 503 492
"792" 501 487 493 487 501 496 503 504 503 500 492 506 506 503 489 511 496 507 499 500
"793" 496 496 497 491 496 488 490 495 505 511 491 511 507 497 499 504 506 507 502 485
"794" 497 500 505 503 508 497 512 500 509 509 501 508 497 496 500 513 501 476 488 500
"795" 481 508 503 499 492 482 500 517 491 493 505 491 515 487 494 505 516 496 492 507
"796" 499 517 501 502 501 500 510 504 496 490 488 500 491 508 501 507 498 496 503 499
"797" 497 494 505 505 504 499 494 509 498 507 483 500 488 492 518 504 505 488 498 496
"798" 506 493 491 500 508 499 494 490 502 507 523 510 502 507 499 514 508 509 497 507
"799" 497 493 501 488 504 492 509 492 496 502 527 494 496 501 501 502 494 497 494 492
"800" 499 504 504 507 507 509 483 512 506 513 511 505 501 504 513 499 496 507 501 516
"801" 499 500 513 509 507 503 493 485 503 497 484 505 495 498 490 506 488 505 515 499
"802" 508 502 484 506 503 517 501 502 491 491 496 493 506 504 502 486 494 496 504 495
"803" 490 512 493 511 494 506 505 491 492 492 489 492 507 492 513 492 498 506 476 500
"804" 490 500 498 501 491 495 511 489 503 496 500 518 511 497 506 505 507 506 502 503
"805" 492 515 526 511 514 497 504 500 502 500 510 494 497 502 491 491 508 512 491 492
"806" 495 486 498 482 498 506 492 501 510 489 479 518 505 507 496 493 493 508 504 484
"807" 510 505 508 497 518 501 492 496 512 517 521 497 503 498 470 502 510 491 490 512
"808" 495 506 506 490 492 514 489 495 500 503 503 490 482 499 490 504 514 510 511 509
"809" 483 497 500 502 508 492 499 489 501 512 489 491 509 488 497 497 497 505 494 481
"810" 509 505 497 509 505 503 510 499 503 494 506 509 489 507 482 501 508 483 508 505
"811" 500 501 498 494 480 501 500 509 519 483 497 507 498 500 496 501 502 507 502 511
"812" 515 513 498 510 512 496 514 500 494 491 496 507 505 510 510 502 498 485 499 507
"813" 474 493 499 481 489 497 509 507 503 497 495 508 507 516 513 498 505 490 505 492
"814" 514 506 498 508 510 506 500 498 509 497 513 504 507 493 502 500 508 502 506 513
"815" 499 499 497 500 501 504 496 510 500 504 516 497 490 492 495 507 497 518 499 496
"816" 502 508 489 503 491 485 502 493 509 525 493 500 506 505 523 495 504 491 508 515
"817" 494 499 496 514 483 488 506 498 498 505 501 488 503 495 515 515 500 502 512 498
"818" 492 495 485 497 504 500 513 503 497 496 519 492 491 495 508 499 502 507 510 489
"819" 511 496 507 526 513 492 508 492 500 496 501 513 487 514 490 495 503 485 508 495
"820" 515 504 495 503 513 500 490 500 509 500 505 498 499 520 509 508 494 496 512 509
"821" 495 494 500 501 484 497 506 498 503 509 494 506 494 501 504 511 496 518 496 503
"822" 494 509 493 513 489 507 511 500 486 502 486 494 500 493 505 500 492 511 511 493
"823" 490 500 511 493 500 491 492 493 487 523 511 496 515 495 481 504 503 492 502 509
"824" 506 483 501 507 493 497 510 509 489 511 489 506 485 495 493 509 494 491 521 494
"825" 490 509 483 497 500 498 481 490 509 503 500 500 488 516 510 506 489 485 502 505
"826" 496 500 479 512 487 502 505 497 501 512 487 504 505 491 510 526 491 500 497 499
"827" 503 500 496 488 506 495 482 504 495 505 505 479 497 507 491 505 497 493 496 502
"828" 501 486 509 494 493 493 499 493 507 502 503 519 498 505 497 507 512 501 498 495
"829" 517 518 493 502 498 507 504 490 497 515 494 508 516 483 515 499 494 501 510 483
"830" 501 495 500 497 497 487 513 495 507 494 511 496 505 517 504 488 498 496 508 508
"831" 507 493 499 498 494 522 514 488 484 512 501 489 494 508 497 493 490 481 508 500
"832" 498 491 496 485 493 498 503 510 506 486 500 492 513 513 495 493 506 511 488 508
"833" 497 503 500 506 509 503 493 494 498 497 510 502 501 489 505 504 494 516 513 503
"834" 495 508 508 499 486 506 497 499 492 493 500 507 523 497 511 501 502 495 501 518
"835" 518 508 502 486 489 501 507 494 499 505 492 509 495 512 522 508 508 499 513 489
"836" 494 511 493 500 508 510 507 497 494 504 507 512 500 490 489 485 491 501 500 497
"837" 515 501 498 494 511 490 494 517 494 491 510 497 489 498 507 515 510 500 499 520
"838" 481 502 493 501 494 496 505 505 498 518 493 480 495 498 503 512 504 502 497 500
"839" 496 490 506 502 517 509 510 517 511 517 502 493 498 494 504 511 489 493 515 500
"840" 505 507 495 511 498 507 500 495 502 510 496 492 499 502 504 494 516 508 496 501
"841" 516 491 494 504 506 498 508 508 502 502 505 504 497 505 510 507 504 499 507 493
"842" 503 512 503 504 511 504 499 504 496 503 506 501 504 491 501 502 504 504 505 501
"843" 506 511 489 501 513 487 483 507 511 494 503 493 494 506 502 497 506 500 516 505
"844" 490 496 510 502 497 508 495 509 486 499 487 492 490 489 497 511 509 497 499 479
"845" 509 495 510 507 481 503 492 488 509 509 513 502 482 490 496 480 479 494 503 493
"846" 505 510 481 484 490 496 505 511 513 483 493 486 503 506 485 504 488 485 481 496
"847" 494 512 515 507 497 503 526 487 496 481 492 506 485 509 500 494 509 502 491 500
"848" 500 510 496 506 512 498 495 504 500 507 502 499 514 514 511 497 497 500 500 474
"849" 496 496 496 519 492 503 483 496 497 500 497 504 493 494 500 514 495 499 491 501
"850" 510 502 497 506 499 484 498 508 516 499 512 495 513 504 501 514 485 491 493 509
"851" 482 491 505 499 513 513 484 513 491 505 502 492 493 500 516 514 494 500 506 502
"852" 498 501 486 496 502 497 520 510 482 497 502 499 498 493 494 497 491 494 510 500
"853" 518 497 521 524 524 496 492 510 510 503 495 495 509 509 504 502 502 508 497 509
"854" 500 506 493 504 514 509 488 502 509 501 475 490 498 493 506 519 503 505 496 506
"855" 495 497 519 506 511 501 495 516 494 501 520 509 498 496 507 495 494 504 482 515
"856" 501 499 499 504 496 503 500 494 510 502 482 490 484 493 506 510 499 507 512 493
"857" 497 497 492 499 519 489 511 499 521 507 508 508 514 508 491 502 499 485 493 493
"858" 494 506 518 502 498 492 496 507 488 504 500 511 494 502 487 482 484 505 510 484
"859" 501 497 500 489 487 510 482 500 498 495 503 503 502 506 483 492 483 506 501 511
"860" 496 497 491 503 498 501 495 508 507 506 494 495 494 499 490 510 485 506 501 494
"861" 506 491 492 499 511 514 507 499 495 498 494 496 504 488 500 501 512 498 510 492
"862" 503 501 517 504 496 497 508 497 507 498 501 500 496 486 497 499 487 497 499 509
"863" 512 494 500 484 492 487 500 505 494 499 500 488 505 495 496 510 497 498 491 503
"864" 514 496 497 487 506 507 494 485 489 502 500 499 505 493 483 495 506 498 505 492
"865" 492 500 521 498 492 499 505 497 491 510 503 499 499 494 505 504 496 508 511 509
"866" 496 498 487 494 492 488 486 509 504 513 507 507 508 507 504 498 481 495 487 506
"867" 505 505 502 486 488 481 505 512 485 499 495 505 500 498 489 495 507 503 509 491
"868" 482 521 508 497 498 489 492 519 506 513 485 514 501 497 512 506 487 489 503 506
"869" 510 496 507 498 491 502 510 511 511 497 498 474 504 509 485 496 508 503 492 511
"870" 526 492 504 501 514 481 507 498 496 499 512 493 506 507 497 498 498 495 492 501
"871" 510 488 496 507 504 486 508 489 501 501 505 494 491 499 489 495 503 504 496 486
"872" 499 504 506 504 505 502 503 487 509 505 495 511 494 500 490 500 500 504 508 511
"873" 502 502 497 502 495 512 496 498 504 508 490 479 492 493 499 507 500 505 499 503
"874" 503 494 493 522 502 504 512 499 508 509 511 507 501 496 493 483 501 493 503 507
"875" 499 521 486 488 505 511 490 504 484 507 512 511 501 489 507 479 493 519 510 505
"876" 485 482 518 501 495 507 500 491 499 503 500 510 505 496 504 510 515 498 505 491
"877" 493 500 496 504 491 496 499 488 507 510 512 496 506 516 508 506 491 510 485 491
"878" 495 505 503 487 487 511 491 491 498 516 503 492 485 498 502 504 506 499 504 502
"879" 499 501 501 506 485 503 497 510 487 519 506 508 516 488 499 507 492 509 509 483
"880" 504 495 500 506 496 503 512 492 521 491 495 505 482 501 502 491 490 489 511 500
"881" 471 506 512 506 507 502 509 510 518 499 502 492 515 494 505 515 498 496 491 491
"882" 513 490 491 507 493 505 507 504 496 483 506 498 495 491 489 515 522 507 511 512
"883" 504 502 489 492 509 508 495 504 501 503 490 502 486 512 479 509 494 492 507 505
"884" 500 492 507 490 501 496 488 493 513 493 501 517 495 493 494 499 496 517 491 518
"885" 491 514 516 477 509 497 482 492 487 509 500 490 501 519 507 500 497 502 505 494
"886" 493 508 501 503 499 508 483 499 510 491 510 506 509 498 505 491 497 508 508 488
"887" 492 505 502 490 501 524 494 502 489 510 494 506 494 500 492 491 518 484 502 500
"888" 493 508 504 483 507 509 508 510 494 511 495 489 484 505 487 491 498 512 501 502
"889" 503 495 495 482 498 481 490 496 496 481 494 507 489 497 495 498 511 493 519 493
"890" 507 498 486 495 502 492 511 486 512 494 492 503 497 503 500 488 516 503 506 503
"891" 508 494 499 503 494 506 495 506 495 501 502 498 514 507 515 498 515 489 503 485
"892" 498 507 504 505 483 474 510 501 495 504 510 494 500 506 510 509 505 506 502 512
"893" 509 510 501 519 504 505 507 502 509 484 514 498 495 488 512 508 505 514 511 496
"894" 507 498 513 500 491 491 491 505 512 492 485 488 524 502 514 492 509 512 503 494
"895" 493 494 502 487 493 499 507 502 484 491 503 496 500 498 512 510 515 513 488 508
"896" 494 504 507 503 504 506 491 510 512 487 499 489 500 497 492 499 492 506 499 502
"897" 504 501 503 505 509 506 503 505 507 501 515 494 496 507 501 493 502 512 492 505
"898" 494 501 504 509 496 479 495 491 509 502 491 507 503 504 507 503 489 501 516 496
"899" 504 502 504 491 494 500 505 504 482 491 492 497 514 489 497 509 487 488 504 504
"900" 517 494 500 498 506 491 514 478 497 503 505 504 498 499 510 492 502 489 502 501
"901" 502 503 497 495 491 508 492 512 503 503 482 492 501 501 503 501 504 492 512 499
"902" 504 504 514 523 484 510 514 490 493 505 518 495 499 489 492 508 509 524 490 493
"903" 501 505 509 498 512 511 500 509 509 495 493 505 499 496 512 501 501 508 503 501
"904" 513 493 511 499 497 498 499 486 494 515 502 503 506 513 492 496 502 492 500 501
"905" 502 493 500 509 498 499 504 502 511 492 500 501 502 502 505 493 498 503 491 495
"906" 488 508 495 505 495 492 494 482 501 486 494 500 504 483 491 498 495 496 505 499
"907" 514 489 498 502 493 486 512 499 501 517 497 503 513 493 487 502 483 473 498 503
"908" 493 493 502 504 484 495 508 493 514 507 515 500 486 485 516 497 486 509 508 501
"909" 496 490 489 509 497 508 494 487 504 500 515 508 486 494 498 494 491 502 489 508
"910" 505 492 500 508 512 493 500 499 490 481 511 499 494 495 505 488 496 499 494 497
"911" 501 508 508 502 492 509 493 469 496 502 499 496 497 490 500 501 495 503 505 485
"912" 488 511 500 499 501 498 494 500 500 496 505 516 506 510 500 488 495 495 503 494
"913" 495 498 509 513 498 503 501 487 499 503 505 491 491 501 497 494 510 497 498 503
"914" 496 500 489 499 490 502 500 499 498 500 521 495 499 499 485 502 499 492 525 498
"915" 493 510 505 505 511 499 495 508 496 504 495 488 487 496 484 504 511 502 505 499
"916" 498 498 503 489 492 499 514 485 475 498 498 500 493 522 495 488 484 507 481 494
"917" 504 482 496 504 514 505 499 498 505 494 500 516 512 498 500 497 509 500 499 488
"918" 509 490 505 498 503 495 494 507 486 516 507 490 506 515 501 491 505 504 487 489
"919" 503 504 503 506 503 482 492 508 502 493 504 497 499 502 495 497 506 510 505 486
"920" 509 490 502 480 491 506 492 504 507 487 507 499 520 501 505 515 501 488 493 497
"921" 500 491 496 492 469 509 499 492 497 509 499 501 500 484 486 489 505 494 495 507
"922" 506 512 505 498 520 503 514 492 496 492 506 510 507 504 511 481 510 509 486 501
"923" 497 513 481 516 500 497 516 501 497 506 505 481 505 503 494 495 494 509 506 506
"924" 487 488 508 491 496 500 490 508 494 496 508 511 506 503 490 482 509 501 508 500
"925" 479 493 491 489 503 503 495 500 487 497 505 492 494 501 502 503 491 510 527 483
"926" 500 492 493 500 503 499 505 518 502 478 509 492 493 493 496 501 519 508 501 509
"927" 501 493 515 499 490 510 498 500 496 488 515 500 511 500 491 500 495 489 501 497
"928" 501 494 492 493 500 502 498 494 498 500 498 506 487 501 499 485 488 499 510 477
"929" 496 512 489 516 492 488 500 505 487 504 515 500 505 501 512 515 494 512 517 497
"930" 521 513 492 504 496 499 509 500 499 503 495 502 497 520 509 500 499 501 502 500
"931" 489 490 483 499 517 501 501 510 479 503 510 495 513 497 481 508 504 504 500 513
"932" 509 507 494 514 501 506 520 488 498 503 499 490 487 494 491 493 497 500 486 490
"933" 499 517 511 497 495 490 504 510 490 490 501 511 511 497 505 498 487 505 520 497
"934" 490 497 503 491 484 510 515 514 497 491 495 498 498 488 522 491 511 499 508 488
"935" 488 510 499 502 505 505 511 502 494 511 507 498 507 494 502 498 505 499 495 498
"936" 489 495 503 504 505 509 499 491 515 497 491 494 497 490 510 498 507 516 503 487
"937" 504 503 495 503 500 494 502 484 483 488 479 492 499 509 501 491 513 496 508 491
"938" 483 491 498 502 494 497 505 485 477 495 509 493 500 506 498 495 504 493 491 500
"939" 503 491 497 488 511 487 508 488 500 493 494 496 499 490 503 489 518 495 501 505
"940" 498 503 481 513 508 491 507 493 496 498 500 507 502 512 504 498 500 507 491 504
"941" 513 502 483 489 494 515 487 500 498 497 495 516 512 514 473 495 499 495 501 498
"942" 514 497 490 502 504 497 505 498 513 504 501 499 495 516 504 492 497 503 494 503
"943" 517 501 511 512 493 501 489 486 501 510 509 495 505 486 496 495 508 505 505 508
"944" 507 481 491 501 506 518 524 516 497 492 497 506 515 506 487 480 504 504 507 504
"945" 503 488 494 505 498 510 504 511 501 512 478 496 498 508 487 499 498 505 512 505
"946" 503 496 506 495 504 491 508 496 500 499 502 507 485 498 497 501 494 484 496 491
"947" 503 509 497 493 499 492 506 511 500 496 498 523 496 484 496 495 489 495 491 503
"948" 492 514 508 500 498 499 501 502 498 511 489 508 507 504 494 512 517 484 491 489
"949" 512 506 492 505 499 496 508 496 517 501 481 501 511 501 506 498 520 500 510 501
"950" 499 507 493 502 495 490 504 497 497 507 520 508 489 509 498 507 513 499 510 498
"951" 488 490 490 506 509 499 509 489 509 502 504 501 511 489 489 487 518 507 499 491
"952" 497 503 510 502 501 500 490 506 499 501 504 497 505 495 489 505 485 489 489 487
"953" 498 505 505 499 505 501 495 502 504 509 505 498 488 498 501 495 509 512 491 499
"954" 519 505 500 492 503 506 499 506 503 508 502 503 510 504 480 502 501 509 502 496
"955" 507 490 511 516 504 485 512 509 514 517 507 495 503 483 506 506 486 508 504 511
"956" 485 506 488 486 492 507 493 498 494 506 500 493 506 502 499 491 517 489 510 499
"957" 505 517 479 518 487 479 498 505 497 479 479 479 497 492 491 506 515 522 489 495
"958" 516 495 493 489 499 497 491 499 504 496 487 506 491 509 496 496 522 509 499 497
"959" 511 494 488 517 492 508 512 504 503 502 504 505 507 507 490 497 499 499 502 481
"960" 501 487 518 494 496 506 521 494 490 490 506 497 501 514 495 489 499 493 510 497
"961" 498 495 502 491 503 507 498 495 512 495 512 499 496 503 503 498 484 494 513 512
"962" 499 498 496 501 494 513 496 499 512 507 494 496 503 485 496 490 512 504 499 506
"963" 513 516 508 500 494 512 494 491 497 484 502 493 501 483 507 508 504 493 490 493
"964" 496 503 504 507 522 500 500 513 489 505 508 507 501 490 506 523 485 503 491 506
"965" 498 506 487 502 498 480 502 511 503 497 488 499 502 516 494 485 509 474 500 492
"966" 499 500 504 510 505 485 495 506 497 489 506 504 511 497 503 507 505 490 500 502
"967" 512 503 503 492 507 506 504 504 502 502 493 496 493 509 510 493 502 477 492 517
"968" 492 506 495 505 493 494 512 488 488 524 499 498 508 507 497 501 515 493 494 507
"969" 482 503 517 490 485 506 508 500 504 497 488 498 498 492 503 505 506 488 483 509
"970" 500 503 483 493 490 504 495 485 511 506 514 502 507 508 499 502 489 505 498 510
"971" 511 508 499 498 496 496 505 503 487 492 509 506 517 489 505 501 490 514 488 499
"972" 503 502 483 500 499 505 491 507 510 497 513 492 485 486 499 494 520 504 503 503
"973" 504 502 499 479 495 496 490 501 492 501 506 506 515 507 505 516 496 503 496 488
"974" 489 502 475 496 504 488 499 483 477 484 516 495 495 495 495 492 512 502 492 506
"975" 484 497 485 498 487 524 497 493 500 496 507 509 491 505 503 494 502 491 496 501
"976" 491 491 518 503 486 505 483 501 499 493 502 524 498 499 491 490 515 482 493 483
"977" 504 504 494 498 507 501 507 520 490 468 503 504 497 496 494 506 517 520 483 496
"978" 488 510 502 496 491 481 498 504 500 493 482 508 496 490 491 502 503 503 495 493
"979" 469 492 497 514 510 488 500 506 490 507 511 509 493 493 499 515 508 497 490 501
"980" 503 496 500 507 493 493 503 496 500 507 501 483 513 501 505 498 508 507 483 495
"981" 508 485 491 493 497 516 501 486 496 513 492 535 507 501 504 498 496 492 502 496
"982" 501 503 504 499 526 515 506 494 504 490 495 507 494 502 496 516 510 510 512 509
"983" 507 512 488 486 501 505 506 492 505 487 509 499 505 495 498 505 518 500 492 490
"984" 493 487 511 502 496 501 513 500 494 503 503 482 493 495 506 488 499 505 492 496
"985" 509 492 500 489 494 490 489 494 493 497 492 474 504 494 498 497 520 496 493 506
"986" 502 491 505 506 497 502 499 506 511 500 490 476 491 488 484 500 494 494 507 505
"987" 527 506 502 503 500 503 503 491 512 504 489 495 518 502 512 496 489 495 499 504
"988" 495 471 501 510 505 504 508 511 512 506 506 515 512 496 502 504 484 509 495 504
"989" 503 499 508 489 503 491 509 483 492 504 494 495 496 495 490 490 497 514 509 490
"990" 516 502 518 505 494 501 514 505 510 508 506 496 512 497 488 506 499 516 507 506
"991" 498 501 500 492 496 503 496 511 500 496 507 491 502 516 493 501 496 486 493 495
"992" 490 487 508 506 506 491 505 507 501 501 500 495 495 500 499 496 509 502 504 473
"993" 486 486 507 493 501 493 492 487 498 507 495 491 498 495 501 503 484 503 507 505
"994" 503 486 516 509 505 497 490 492 514 495 494 500 499 500 509 496 509 513 495 496
"995" 505 507 508 501 488 506 516 499 499 494 512 478 515 503 501 511 512 504 488 498
"996" 518 497 516 505 500 497 508 499 510 488 514 504 499 498 518 486 493 490 524 504
"997" 508 504 510 502 509 511 502 504 498 500 498 498 506 494 498 493 497 509 491 475
"998" 495 481 495 479 494 499 485 518 504 509 496 504 484 500 498 495 503 495 497 511
"999" 508 500 505 498 503 503 510 505 512 505 505 496 501 513 508 495 507 496 510 510
"1000" 497 509 497 485 480 507 502 490 510 484 507 501 514 514 505 506 500 499 497 489
