"1" "2" "3" "4" "5" "6" "7" "8" "9" "10" "11" "12" "13" "14" "15" "16" "17" "18" "19" "20"
"1" 495 485 504 501 495 511 515 502 509 486 510 498 503 497 517 510 507 506 485 494
"2" 492 507 503 504 483 501 493 494 509 486 489 487 494 500 515 493 507 492 515 494
"3" 493 512 508 502 498 510 510 501 500 488 509 494 501 492 494 499 481 489 515 491
"4" 483 504 513 510 503 523 499 508 503 481 493 493 495 487 515 505 489 510 538 497
"5" 498 488 505 516 504 503 505 509 499 504 523 489 510 482 502 491 492 489 518 500
"6" 493 498 502 486 500 517 500 504 492 496 492 507 510 502 501 499 503 510 506 483
"7" 495 498 507 500 494 488 513 504 501 506 501 487 501 511 496 496 500 494 517 500
"8" 493 496 516 500 507 515 512 506 509 486 492 495 511 501 509 503 496 492 517 503
"9" 492 502 511 491 507 520 496 495 508 493 494 495 501 496 483 496 487 491 496 494
"10" 508 507 509 481 501 509 508 508 518 508 489 488 511 495 497 491 499 498 516 512
"11" 486 508 512 503 496 511 503 510 493 489 494 505 491 498 486 503 493 496 521 496
"12" 495 486 512 478 501 516 505 501 505 496 496 496 497 510 499 494 483 516 512 496
"13" 497 490 505 486 502 495 505 503 496 485 496 493 495 488 512 496 500 492 487 500
"14" 499 494 519 490 514 492 498 507 509 486 504 497 493 518 510 505 495 491 517 502
"15" 502 493 514 491 494 504 504 498 515 483 499 503 506 495 517 501 507 498 521 501
"16" 484 508 520 492 504 506 499 506 506 496 502 503 504 506 499 501 505 495 506 489
"17" 488 494 518 480 504 510 499 492 494 496 510 494 497 515 501 503 489 498 502 491
"18" 505 502 514 481 494 511 506 511 509 499 480 501 494 499 491 502 481 515 485 492
"19" 489 508 518 495 499 491 506 505 510 494 517 487 513 504 485 494 489 488 520 504
"20" 494 503 501 494 505 520 503 504 497 501 500 494 501 484 500 502 489 496 520 501
"21" 508 506 511 506 500 515 494 506 500 491 502 494 501 485 505 481 497 488 524 496
"22" 493 504 500 486 495 506 498 508 505 491 501 478 503 503 510 497 491 496 505 499
"23" 491 505 517 490 491 508 507 503 495 487 501 492 510 502 507 491 509 507 503 487
"24" 489 492 516 496 493 500 512 515 496 494 513 493 501 501 511 501 502 514 498 493
"25" 484 506 502 486 497 506 498 506 501 495 519 494 509 501 511 507 492 501 516 489
"26" 483 494 512 514 497 518 492 492 511 508 492 496 499 491 494 497 498 497 521 501
"27" 492 493 509 498 497 508 484 510 498 483 491 482 498 499 495 500 518 492 517 491
"28" 500 495 506 499 497 489 514 515 492 489 503 498 499 494 509 492 487 493 515 511
"29" 501 502 515 505 493 525 517 497 495 497 511 490 488 504 502 491 490 484 518 492
"30" 500 497 516 499 498 500 480 515 509 496 517 494 507 492 489 501 499 498 492 498
"31" 503 508 515 495 489 516 506 514 511 484 501 503 492 516 505 488 483 487 493 507
"32" 479 499 507 502 497 502 504 502 506 488 488 497 511 508 521 498 484 493 500 495
"33" 486 497 502 487 485 497 493 499 497 493 514 502 492 500 506 509 498 499 509 494
"34" 477 509 513 491 495 500 505 513 498 493 496 492 499 501 508 492 499 487 506 490
"35" 497 502 524 534 502 505 506 508 504 492 506 490 499 497 493 496 504 493 502 494
"36" 499 488 516 510 488 500 502 504 496 500 492 492 497 500 502 502 491 493 496 510
"37" 480 494 498 486 496 507 519 501 491 469 509 499 493 479 499 492 494 491 522 508
"38" 505 513 507 495 511 500 494 507 507 504 513 489 492 505 502 498 497 496 520 501
"39" 497 515 508 497 501 498 514 523 499 497 498 484 514 492 506 500 498 502 503 492
"40" 487 489 505 477 493 496 498 503 503 486 511 497 504 490 513 514 486 488 513 511
"41" 488 511 502 494 517 510 510 504 497 495 500 490 499 518 495 503 484 508 519 505
"42" 495 489 513 488 508 526 494 500 499 495 488 479 495 498 512 483 492 497 508 499
"43" 485 490 507 492 504 510 517 520 507 490 509 488 485 489 495 501 507 512 511 493
"44" 498 499 505 479 502 501 489 508 503 498 523 470 492 497 517 492 507 499 511 499
"45" 505 498 515 484 489 507 497 499 500 496 512 499 507 486 507 490 504 512 520 493
"46" 495 491 510 488 490 500 500 492 499 501 517 495 498 508 504 504 498 492 483 486
"47" 487 502 509 491 502 509 506 497 502 500 497 498 498 499 474 500 483 508 491 496
"48" 487 501 503 488 491 492 500 496 491 504 501 497 509 494 494 511 498 495 489 493
"49" 483 508 493 493 504 501 515 499 499 486 511 488 511 510 506 492 495 494 498 490
"50" 497 497 518 498 495 503 499 482 501 497 498 486 498 507 503 495 500 498 482 501
"51" 484 497 508 490 498 505 487 500 492 483 497 496 496 517 508 495 520 501 523 501
"52" 489 505 519 480 494 520 492 514 510 498 503 492 497 499 498 491 503 503 519 486
"53" 498 495 513 488 502 497 489 512 488 501 520 495 493 508 504 489 495 486 470 482
"54" 499 507 511 486 496 509 514 506 500 498 494 496 512 506 501 506 516 502 501 502
"55" 497 494 506 482 495 518 498 504 503 482 491 495 502 488 500 490 493 503 519 497
"56" 484 483 518 485 497 520 491 504 500 506 508 479 500 513 488 502 515 492 500 506
"57" 497 503 502 505 501 512 500 502 510 508 498 491 493 484 491 507 506 496 511 485
"58" 482 492 509 490 503 506 486 507 509 498 493 493 498 478 491 507 504 498 524 487
"59" 500 493 518 505 501 514 491 497 501 488 511 494 496 519 501 501 490 498 522 496
"60" 506 499 502 510 495 493 495 501 504 502 508 509 499 498 495 498 489 499 504 489
"61" 479 510 505 478 498 489 497 494 516 492 493 505 501 510 504 499 485 510 515 496
"62" 502 496 510 483 494 510 485 490 491 501 491 495 506 480 505 512 492 519 493 494
"63" 475 502 522 489 488 522 512 515 500 475 497 504 508 488 507 500 503 488 515 490
"64" 499 500 509 490 495 502 503 502 504 494 501 495 491 511 502 507 500 500 499 495
"65" 500 495 516 509 493 510 494 494 514 497 513 486 491 513 508 499 491 499 512 508
"66" 498 493 509 491 487 506 491 506 500 493 523 500 502 499 497 505 489 498 503 499
"67" 490 510 500 495 505 511 494 515 503 509 502 494 500 503 501 495 523 506 478 491
"68" 480 512 517 501 505 500 491 505 503 498 502 490 497 488 509 508 490 500 517 495
"69" 505 491 505 511 498 497 498 522 510 494 499 487 498 490 522 498 487 499 501 503
"70" 490 500 507 488 497 514 503 505 508 494 499 487 499 495 507 503 516 503 523 490
"71" 503 491 506 487 486 519 502 510 495 498 492 489 502 494 496 504 482 497 497 497
"72" 492 500 505 494 493 503 514 507 497 494 509 497 501 494 519 497 496 482 517 501
"73" 493 497 491 495 491 503 515 494 506 501 499 491 501 498 509 497 498 499 486 489
"74" 478 505 516 509 495 511 494 511 487 487 512 487 511 502 512 506 500 493 512 502
"75" 492 488 502 487 484 496 482 517 506 499 492 499 503 495 506 491 501 505 492 489
"76" 487 507 514 517 492 514 489 497 510 482 490 491 498 495 506 504 476 495 490 497
"77" 497 505 508 483 503 511 507 511 499 489 479 487 502 514 495 508 506 502 522 496
"78" 502 496 517 490 495 504 488 521 494 495 487 495 500 510 502 512 483 495 487 494
"79" 509 496 510 501 482 509 488 497 503 496 489 502 489 499 504 504 512 502 505 489
"80" 482 492 515 509 495 497 503 502 507 511 493 485 498 494 497 493 481 498 517 507
"81" 492 496 500 517 511 522 502 517 507 499 503 489 486 503 497 495 479 499 529 487
"82" 476 493 513 484 505 514 493 499 484 500 486 483 485 491 517 507 500 506 493 475
"83" 495 503 526 491 494 504 502 513 512 507 512 495 502 495 502 504 492 496 478 493
"84" 484 491 507 501 487 506 515 498 502 491 497 499 498 502 494 488 507 495 510 501
"85" 489 503 521 507 502 516 489 500 507 495 509 499 506 496 511 517 510 505 487 491
"86" 492 509 509 496 499 512 500 507 500 502 506 496 513 493 508 501 503 498 513 489
"87" 503 499 508 488 492 512 491 492 505 490 495 502 489 490 500 507 495 485 494 508
"88" 490 504 515 476 485 517 491 515 501 500 521 500 489 495 490 510 515 490 498 499
"89" 485 506 505 497 490 514 503 509 507 498 511 490 499 484 516 503 503 485 503 510
"90" 477 494 496 507 500 504 506 516 513 493 516 499 494 500 480 501 504 492 513 506
"91" 491 507 520 491 507 514 498 502 497 498 500 485 490 499 504 505 498 504 494 502
"92" 502 489 502 490 497 514 503 506 499 500 486 496 501 486 512 505 476 486 508 510
"93" 481 488 511 521 494 522 503 507 496 487 487 491 494 486 502 493 498 496 530 506
"94" 504 505 516 499 497 506 491 504 507 491 508 482 488 501 510 494 508 500 511 498
"95" 486 497 513 494 496 503 491 491 497 493 505 489 508 508 506 491 513 487 499 501
"96" 484 501 518 508 490 513 497 510 508 517 502 492 500 499 510 510 491 503 519 505
"97" 490 492 504 477 487 509 489 503 496 496 503 490 491 497 502 499 477 500 492 496
"98" 478 507 514 487 491 505 501 525 505 481 521 496 499 500 501 508 493 489 511 491
"99" 499 496 500 495 492 518 509 499 507 495 501 487 506 497 511 512 494 485 524 502
"100" 503 489 511 504 491 508 511 510 506 488 487 490 487 494 505 486 477 501 525 499
"101" 494 497 515 492 495 502 519 519 503 483 512 497 499 506 495 495 513 490 512 503
"102" 492 488 506 495 491 500 508 502 512 500 521 495 504 491 501 517 491 497 508 494
"103" 498 503 511 494 499 489 501 492 504 492 504 484 496 491 503 494 481 510 498 493
"104" 483 498 509 506 493 507 501 508 515 515 503 489 503 499 510 503 515 514 498 486
"105" 483 496 506 489 489 513 497 506 502 500 493 500 504 496 501 503 485 503 519 507
"106" 497 501 508 480 499 521 503 505 494 481 498 494 495 505 512 502 510 502 519 498
"107" 499 490 499 489 493 523 497 507 515 497 491 489 512 510 502 501 486 492 512 503
"108" 483 495 514 495 498 510 504 513 507 490 499 494 479 502 506 491 491 499 502 496
"109" 502 498 506 520 511 502 510 506 511 492 503 495 504 518 522 499 503 495 500 499
"110" 504 495 516 509 502 520 501 513 495 509 504 501 501 501 505 499 498 487 519 501
"111" 495 491 513 504 495 486 501 504 493 481 493 491 508 496 490 499 493 498 536 496
"112" 501 509 516 500 499 512 512 511 495 489 514 504 496 491 497 495 496 502 512 501
"113" 496 497 513 512 497 515 511 502 494 488 505 487 504 517 506 506 504 495 517 507
"114" 500 499 518 517 504 513 481 515 508 496 489 492 505 495 508 506 496 485 503 503
"115" 489 505 513 493 496 505 498 501 506 483 492 495 497 515 499 509 509 501 506 508
"116" 493 519 516 476 488 516 505 516 520 476 487 493 505 489 495 502 491 507 514 515
"117" 498 495 537 511 497 500 511 495 511 487 511 504 509 516 513 504 513 497 526 495
"118" 483 493 508 514 493 502 484 501 514 494 493 486 492 505 501 509 490 479 526 493
"119" 488 502 513 488 492 515 498 513 500 497 507 503 498 501 493 491 522 494 496 486
"120" 487 505 519 496 500 514 480 498 502 492 496 493 498 513 508 519 498 489 518 495
"121" 494 509 494 500 492 507 501 522 500 490 496 497 498 495 488 508 518 481 495 493
"122" 503 513 509 480 492 506 497 507 499 492 509 489 509 503 498 497 505 491 521 508
"123" 491 501 510 513 490 511 496 510 498 490 493 488 496 485 506 485 496 498 488 497
"124" 496 493 505 504 497 504 502 489 498 501 508 484 495 500 508 490 485 484 508 485
"125" 486 506 518 478 504 515 505 504 506 500 505 491 513 499 504 503 503 500 505 491
"126" 497 503 505 496 498 514 505 509 494 480 497 479 494 495 499 506 495 501 520 490
"127" 508 493 502 478 509 515 505 516 505 497 511 495 489 498 494 501 491 488 504 497
"128" 511 489 508 483 513 514 511 500 502 495 498 495 512 502 504 502 502 494 510 504
"129" 500 494 515 488 493 508 496 490 515 499 496 500 505 505 498 497 491 494 514 501
"130" 495 502 496 494 497 501 503 521 517 516 505 489 501 508 511 492 499 501 484 504
"131" 496 498 492 493 493 518 503 511 495 497 512 497 489 490 510 497 495 511 495 504
"132" 498 500 510 483 493 509 495 518 505 497 480 500 510 495 502 489 494 500 517 494
"133" 487 487 517 503 489 515 510 513 518 485 484 489 492 495 503 505 502 490 494 507
"134" 485 502 513 479 499 520 517 517 498 497 497 475 495 502 497 500 512 499 515 486
"135" 503 496 508 502 490 498 511 505 500 510 497 489 496 505 497 499 482 486 488 505
"136" 488 494 507 503 504 510 514 494 499 523 510 491 503 501 495 493 491 505 494 513
"137" 487 487 506 487 499 525 502 499 505 490 528 502 508 503 507 503 500 515 511 504
"138" 494 496 518 492 502 520 499 521 495 486 501 490 500 501 521 494 505 506 491 483
"139" 503 484 516 483 499 498 501 508 511 494 509 491 509 509 506 493 495 502 511 500
"140" 481 499 501 503 488 505 500 507 493 503 490 490 491 494 508 494 499 501 530 502
"141" 488 502 511 495 496 518 493 511 499 500 492 496 501 498 506 498 490 498 492 510
"142" 480 491 517 493 496 504 495 519 515 480 497 503 509 512 500 509 488 497 494 494
"143" 488 493 505 504 497 508 510 487 504 489 516 504 495 492 507 500 501 506 484 506
"144" 504 494 502 483 495 504 496 501 496 492 504 497 505 489 506 494 491 501 518 504
"145" 494 505 510 505 496 507 501 517 500 499 486 484 493 475 492 496 495 489 500 504
"146" 479 498 501 489 506 513 515 494 502 496 500 493 495 511 490 499 512 497 508 494
"147" 484 495 505 483 493 508 499 516 498 480 496 484 488 510 500 502 499 492 506 501
"148" 501 504 504 495 502 519 507 501 514 494 496 488 497 505 503 496 517 500 488 496
"149" 496 505 515 498 498 520 499 513 505 499 492 477 496 514 496 508 505 507 502 499
"150" 493 500 490 504 500 526 499 502 501 519 479 494 498 502 490 493 496 490 516 510
"151" 485 490 511 476 502 509 508 510 502 498 492 490 492 496 501 501 488 488 502 489
"152" 501 513 521 509 500 508 501 521 504 501 512 496 503 494 489 502 476 502 505 494
"153" 495 500 517 471 488 520 491 515 507 509 515 495 495 500 502 509 497 505 498 491
"154" 506 507 508 494 502 512 506 499 509 490 511 488 491 511 503 508 484 496 507 494
"155" 497 512 513 520 493 515 510 497 504 503 515 496 511 493 507 500 503 488 512 507
"156" 492 503 504 476 488 521 512 496 493 500 495 488 503 507 496 495 489 494 503 500
"157" 498 498 517 499 486 505 500 506 503 488 487 502 508 494 495 495 488 491 519 509
"158" 500 514 509 507 502 518 495 510 513 478 510 487 514 505 511 496 499 516 518 501
"159" 508 500 512 509 507 503 496 510 513 493 500 495 487 483 510 512 496 491 522 501
"160" 487 479 518 499 487 514 500 506 509 489 513 500 504 501 516 514 502 489 522 507
"161" 485 491 521 487 497 487 493 506 499 485 510 493 517 491 518 511 500 506 511 499
"162" 489 506 507 506 501 512 503 510 507 492 481 496 503 490 500 505 495 504 502 491
"163" 493 500 508 515 500 497 498 494 511 496 523 490 501 494 493 501 489 496 492 498
"164" 505 478 530 490 503 516 516 505 500 492 510 493 506 509 506 499 508 496 498 496
"165" 491 505 503 481 497 517 497 505 496 489 513 498 500 493 508 510 487 493 506 502
"166" 487 504 507 491 490 514 504 504 511 481 505 489 502 500 507 499 505 512 496 506
"167" 505 496 506 497 510 507 496 512 511 513 506 488 493 493 496 499 487 504 522 503
"168" 508 492 504 524 496 501 500 500 507 487 512 493 494 490 512 500 487 505 495 504
"169" 484 487 509 520 500 514 510 511 498 490 497 495 493 503 499 503 498 497 509 499
"170" 495 495 514 519 497 506 504 501 510 493 500 489 501 490 506 504 493 504 522 498
"171" 476 499 498 489 500 523 502 498 488 503 492 493 507 507 497 509 482 500 520 491
"172" 498 492 515 514 487 500 503 509 502 505 490 496 508 501 499 484 486 494 494 498
"173" 502 508 503 517 493 514 510 506 503 497 490 487 496 486 504 502 504 491 518 484
"174" 500 485 506 490 488 509 494 497 503 484 490 507 496 489 500 509 485 518 512 501
"175" 493 501 513 501 498 522 514 498 494 489 498 480 500 507 496 501 484 494 518 505
"176" 480 504 515 480 493 512 496 491 494 488 500 494 518 494 499 496 513 491 512 488
"177" 489 497 503 506 489 497 495 514 514 487 501 501 494 494 489 494 494 495 515 496
"178" 489 488 510 486 503 505 493 513 507 509 498 495 507 496 513 508 506 489 513 482
"179" 499 496 506 493 499 503 512 506 506 491 500 489 493 503 512 488 501 499 511 497
"180" 503 482 509 492 492 514 484 506 496 487 499 503 501 495 501 494 479 497 493 496
"181" 499 485 519 510 497 516 509 513 492 499 503 495 487 497 504 504 491 503 511 495
"182" 485 513 509 488 488 501 498 506 487 493 493 490 502 500 505 499 501 507 521 497
"183" 500 502 510 503 499 502 505 485 519 507 488 503 500 489 497 506 505 495 509 492
"184" 491 481 517 487 483 507 506 505 497 482 511 489 506 505 500 493 484 502 504 507
"185" 493 497 516 493 499 504 500 516 503 494 514 489 511 494 484 491 503 503 513 492
"186" 500 505 501 502 484 520 497 511 513 488 494 502 514 490 499 505 493 507 537 489
"187" 492 506 525 503 507 518 516 510 508 475 519 492 508 496 505 515 481 497 510 500
"188" 504 496 497 491 492 510 508 483 502 494 521 485 491 504 496 506 506 491 506 492
"189" 510 501 508 479 496 500 489 504 510 497 504 485 506 500 505 498 484 504 501 510
"190" 487 488 521 495 479 501 492 503 496 505 512 489 512 503 501 511 489 497 489 487
"191" 496 493 515 499 492 520 509 496 509 490 501 482 506 496 499 509 524 486 497 501
"192" 494 502 511 494 494 500 498 520 504 505 501 500 503 499 505 487 501 492 508 489
"193" 492 496 502 508 499 507 511 516 512 494 509 480 497 497 498 496 501 488 498 489
"194" 501 511 502 478 503 514 499 506 494 480 479 496 494 485 508 510 484 495 522 503
"195" 481 502 503 497 495 519 502 498 502 502 491 499 501 504 503 492 502 486 521 518
"196" 486 503 517 486 505 513 509 507 506 500 514 495 505 504 504 512 482 502 497 498
"197" 494 506 511 511 492 512 510 500 503 485 511 490 504 506 497 499 485 508 503 498
"198" 502 487 521 485 494 519 490 513 499 503 508 499 507 502 500 498 481 483 523 500
"199" 493 497 507 483 506 518 503 497 494 495 508 493 482 479 502 502 485 511 527 489
"200" 489 500 495 488 491 488 485 527 502 488 493 496 498 485 496 498 516 488 520 496
"201" 490 500 509 482 482 511 490 506 502 497 501 499 507 504 509 513 490 491 488 506
"202" 487 496 520 499 501 512 519 499 495 483 511 490 502 503 513 503 497 497 513 521
"203" 496 489 511 498 498 514 506 506 512 492 495 489 502 490 497 504 483 500 519 501
"204" 487 489 498 489 492 510 500 505 499 496 512 495 502 497 497 506 484 507 505 496
"205" 506 499 506 500 502 491 495 517 498 498 507 482 507 512 504 506 501 491 526 492
"206" 499 513 514 496 496 521 495 497 496 506 517 506 494 494 489 509 494 496 505 504
"207" 491 505 500 485 497 508 521 507 506 500 497 501 501 517 507 495 505 491 506 492
"208" 492 494 505 499 505 499 514 511 510 487 492 483 485 498 504 499 515 502 526 497
"209" 495 509 507 497 499 505 507 497 497 495 498 491 481 493 501 500 519 493 509 498
"210" 490 492 505 490 494 513 491 518 498 484 493 490 513 503 500 509 504 488 480 498
"211" 501 488 508 524 502 518 500 513 498 480 496 488 489 504 516 497 515 500 521 496
"212" 490 496 500 486 496 514 505 499 506 498 498 494 515 497 498 485 490 496 532 496
"213" 491 496 518 506 502 508 497 506 513 487 501 499 494 491 501 513 488 503 527 499
"214" 485 498 519 493 506 508 502 514 505 488 510 489 499 504 499 498 495 491 515 484
"215" 489 497 495 487 505 515 479 501 505 501 497 501 487 503 498 496 507 500 506 498
"216" 492 499 500 506 500 500 499 499 509 498 507 497 500 501 511 489 484 493 489 495
"217" 486 485 502 484 497 513 487 513 510 504 490 490 507 496 496 500 509 494 522 502
"218" 500 509 518 509 491 509 487 495 498 491 514 500 496 495 498 500 502 493 515 502
"219" 481 507 514 520 499 520 512 506 498 492 507 489 495 488 513 499 508 488 505 511
"220" 481 499 494 487 508 523 509 510 502 483 519 497 501 490 508 492 488 494 525 498
"221" 488 508 518 488 494 504 503 494 501 502 501 493 504 488 504 503 505 494 505 518
"222" 502 505 502 501 503 496 496 514 502 478 509 492 501 500 497 495 493 497 481 491
"223" 497 504 513 487 491 505 502 509 500 499 512 493 492 507 509 500 487 494 491 495
"224" 493 505 532 489 498 496 502 489 513 480 507 499 501 496 496 495 496 486 515 495
"225" 501 498 505 490 495 519 508 505 502 479 485 492 500 500 497 502 515 506 524 514
"226" 499 494 526 503 491 507 491 497 519 498 490 499 502 503 498 492 515 488 513 495
"227" 499 493 512 517 504 506 503 502 518 485 514 486 501 499 506 504 517 486 506 484
"228" 504 487 512 490 491 524 498 500 496 505 494 498 511 499 501 490 510 488 498 499
"229" 491 498 515 483 501 501 496 488 484 496 504 496 499 478 496 492 495 493 521 496
"230" 484 488 522 511 497 512 505 508 513 482 493 483 489 514 502 514 491 489 519 495
"231" 500 491 518 502 499 520 494 494 508 502 497 484 512 497 509 502 511 498 514 494
"232" 494 504 511 512 498 498 503 502 500 491 502 493 493 507 508 516 495 486 513 505
"233" 490 493 516 502 491 516 511 504 508 498 492 495 500 506 488 498 512 501 505 490
"234" 501 502 497 516 488 508 498 506 495 497 512 488 498 493 510 492 483 515 497 503
"235" 494 495 506 492 496 499 501 489 500 496 509 504 508 502 507 505 484 496 490 501
"236" 496 488 502 485 499 515 492 503 517 496 513 498 493 490 492 500 492 496 483 495
"237" 486 498 498 515 504 507 501 496 499 513 505 487 495 491 496 497 493 494 516 489
"238" 486 498 506 505 498 500 493 492 506 505 494 494 505 505 512 506 500 492 508 489
"239" 497 507 503 522 499 490 506 498 512 496 507 497 503 493 485 499 508 501 492 501
"240" 497 496 505 500 501 527 498 513 495 491 512 503 505 499 498 494 504 502 502 489
"241" 493 494 508 515 492 502 500 508 506 481 504 499 511 496 510 511 503 499 521 505
"242" 509 502 510 483 481 514 509 504 499 497 511 498 500 500 507 496 506 492 502 503
"243" 503 485 494 482 490 510 491 499 507 484 495 497 501 500 497 498 501 492 525 499
"244" 495 496 502 489 494 508 512 516 506 486 498 503 504 506 501 493 504 500 514 501
"245" 491 490 522 496 499 495 489 502 505 487 510 496 503 495 513 504 489 503 513 493
"246" 496 506 496 508 508 511 503 493 490 498 501 507 514 487 507 484 500 491 484 491
"247" 505 498 502 505 490 504 499 500 506 489 494 490 512 502 509 499 492 496 485 490
"248" 486 499 512 502 498 507 491 511 506 496 492 500 509 504 507 499 508 489 513 504
"249" 487 504 510 483 496 506 509 507 499 488 494 491 499 495 496 510 493 487 495 513
"250" 499 481 513 482 499 494 498 511 496 508 513 488 490 500 497 482 498 510 530 503
"251" 496 492 506 499 506 505 515 510 489 494 488 499 505 501 516 490 496 488 506 491
"252" 493 492 510 502 489 506 505 503 498 498 513 498 506 500 494 508 503 493 519 501
"253" 485 492 497 513 506 499 500 516 500 491 506 497 501 498 509 512 515 484 528 495
"254" 500 498 505 482 514 504 496 500 496 489 511 506 488 489 498 497 487 499 510 492
"255" 494 483 510 485 483 501 495 499 489 501 489 487 504 499 490 491 502 498 483 489
"256" 491 492 508 517 496 506 512 504 503 493 521 496 506 488 506 485 492 510 509 507
"257" 479 486 504 493 505 512 500 495 504 507 495 495 503 501 506 499 506 504 507 505
"258" 504 507 494 506 494 523 508 509 501 493 498 488 508 489 492 507 476 501 495 513
"259" 504 496 504 481 497 515 491 488 497 476 507 499 491 499 506 501 522 491 502 487
"260" 479 499 516 502 510 497 516 511 510 492 511 504 510 492 500 507 507 488 500 496
"261" 484 482 501 511 487 512 493 505 494 510 501 489 490 518 503 506 494 504 504 499
"262" 486 489 510 497 482 512 507 517 496 499 490 500 503 488 501 503 502 492 524 496
"263" 483 508 518 505 498 513 502 513 501 500 511 495 500 491 507 512 483 509 517 496
"264" 494 508 522 486 498 519 507 515 499 481 503 499 509 498 506 495 502 503 511 508
"265" 484 505 514 480 501 508 506 508 498 489 505 479 500 516 505 494 502 495 530 500
"266" 499 508 499 515 502 502 484 507 506 501 503 491 503 501 506 501 489 487 487 496
"267" 511 495 507 506 485 509 499 507 509 486 496 476 502 505 499 488 496 504 515 483
"268" 481 503 507 488 496 509 481 491 506 501 490 488 499 497 508 502 493 495 493 514
"269" 498 498 519 493 497 498 503 502 497 504 505 491 496 502 501 493 492 516 493 500
"270" 489 485 521 486 491 522 493 499 513 505 497 500 501 498 510 497 490 493 519 508
"271" 495 487 504 494 505 521 491 506 503 492 501 494 502 497 497 495 499 501 506 498
"272" 491 504 503 485 491 512 496 520 506 503 508 495 489 505 504 500 494 497 503 495
"273" 492 505 524 492 500 508 504 504 501 502 517 496 502 515 506 498 509 494 496 490
"274" 493 485 519 485 491 505 483 506 505 495 486 496 512 498 519 498 505 489 492 505
"275" 494 503 511 496 495 506 498 501 495 475 496 498 508 493 508 493 486 499 529 503
"276" 495 490 517 516 485 516 492 506 499 486 505 493 496 511 500 489 498 498 480 499
"277" 502 483 501 507 510 496 506 510 509 498 515 501 504 496 501 491 509 498 522 488
"278" 499 500 505 485 486 494 497 510 513 493 508 479 495 489 496 502 510 487 518 487
"279" 502 495 518 507 503 513 491 502 498 492 485 498 497 492 501 499 501 497 513 506
"280" 496 498 523 488 507 524 497 500 500 506 492 493 507 514 512 485 505 498 517 493
"281" 494 489 499 491 496 516 509 502 495 488 493 486 507 493 511 498 515 488 503 493
"282" 497 488 499 492 502 511 510 502 499 483 496 481 489 488 515 486 493 499 506 493
"283" 478 499 516 515 499 506 520 510 505 497 511 488 510 496 491 501 493 501 502 489
"284" 494 513 519 489 495 509 494 506 499 490 501 490 497 501 501 495 499 506 487 491
"285" 490 491 529 495 508 518 498 502 500 503 511 491 496 499 498 510 518 499 495 489
"286" 474 495 514 492 485 507 513 509 505 502 523 493 495 494 504 507 493 490 497 506
"287" 487 495 522 507 498 507 501 511 501 497 503 491 504 506 492 489 503 505 524 494
"288" 498 487 513 489 502 494 502 495 485 507 500 497 493 496 495 510 492 499 496 500
"289" 497 498 512 502 488 515 502 503 516 479 497 495 495 498 507 503 493 499 497 497
"290" 494 499 503 516 502 515 501 512 502 489 495 486 507 494 514 500 514 504 522 503
"291" 491 506 511 517 493 500 502 503 495 500 499 492 500 502 506 502 485 496 519 496
"292" 490 505 506 500 500 518 508 494 503 497 494 487 496 497 514 510 519 493 490 509
"293" 480 498 509 495 490 517 496 502 494 494 502 492 503 497 503 509 502 497 516 492
"294" 495 508 517 492 500 515 500 511 514 480 495 489 503 516 504 495 507 496 510 489
"295" 492 486 516 509 503 519 487 506 502 501 490 500 511 491 525 501 501 491 504 509
"296" 491 496 507 488 504 511 506 502 503 491 507 503 520 492 494 500 506 492 513 508
"297" 493 498 511 511 496 501 485 498 503 491 508 495 505 501 499 498 495 480 521 494
"298" 495 489 507 522 502 499 487 507 506 496 485 495 494 506 510 511 495 512 516 493
"299" 493 496 500 494 500 503 482 500 497 492 510 494 502 497 495 509 497 491 514 504
"300" 486 506 505 488 498 501 504 498 504 491 510 494 484 493 497 489 504 517 494 515
"301" 490 488 520 481 495 498 506 516 498 483 528 506 493 521 487 506 486 496 499 501
"302" 478 502 503 489 495 520 511 509 488 497 519 487 502 497 506 505 475 492 489 502
"303" 477 483 509 493 495 507 506 504 505 502 501 491 501 496 505 502 497 502 518 490
"304" 487 499 511 507 496 502 504 520 503 500 500 493 491 499 493 512 485 507 519 500
"305" 489 495 508 485 493 493 504 509 519 487 513 496 505 500 493 496 486 511 502 514
"306" 485 490 517 485 504 493 501 509 498 501 520 496 501 513 501 502 499 483 515 483
"307" 508 495 508 498 511 513 519 503 502 496 498 492 506 501 508 502 514 494 517 510
"308" 503 502 516 492 492 513 514 512 508 496 495 487 493 509 512 489 505 502 507 489
"309" 497 496 509 475 494 522 518 512 503 497 490 490 504 490 505 504 496 506 519 486
"310" 479 495 523 492 504 516 498 504 494 475 505 501 506 495 513 497 500 490 514 492
"311" 482 486 501 511 499 512 510 510 495 489 493 495 505 489 498 488 498 492 500 498
"312" 491 500 512 505 496 505 492 501 488 495 486 489 503 488 489 496 484 504 486 502
"313" 495 493 500 504 499 519 498 498 493 492 492 484 521 497 497 490 491 496 549 496
"314" 493 499 498 497 494 516 505 501 498 499 500 493 503 495 499 490 502 500 514 495
"315" 490 509 503 514 494 503 495 498 497 496 489 501 497 486 499 500 514 511 512 492
"316" 497 492 522 504 499 515 505 505 508 507 495 490 495 515 495 493 494 509 486 495
"317" 489 503 509 491 505 500 494 491 488 495 490 495 492 500 495 505 500 483 489 500
"318" 487 502 514 494 491 504 515 515 500 491 498 498 492 500 501 489 499 500 520 496
"319" 489 490 520 503 518 516 492 500 499 503 495 489 483 496 492 507 511 501 518 490
"320" 508 483 508 506 501 512 485 512 490 486 502 487 491 497 493 494 474 505 504 494
"321" 497 507 503 504 504 518 506 523 490 499 503 491 499 519 501 507 487 493 519 491
"322" 506 497 506 490 498 502 499 505 505 501 506 493 500 495 498 502 480 485 497 485
"323" 497 488 510 492 494 498 496 510 495 491 492 493 494 508 507 484 511 491 506 507
"324" 499 502 526 491 506 512 509 494 509 493 502 484 501 505 520 494 502 500 492 489
"325" 495 506 525 503 501 514 522 495 497 494 491 500 496 484 491 499 495 496 513 497
"326" 496 499 501 494 492 513 493 489 496 496 507 491 499 488 507 504 499 487 511 505
"327" 510 503 501 502 491 503 510 504 496 492 508 497 514 491 501 493 482 503 500 497
"328" 486 493 506 494 491 509 510 512 504 503 504 483 505 490 505 496 491 499 490 498
"329" 483 498 517 496 490 503 494 494 519 473 510 498 502 507 504 502 488 507 492 486
"330" 491 495 520 496 500 500 495 493 511 491 507 495 489 495 504 499 514 496 511 499
"331" 485 503 502 490 493 500 516 518 493 500 504 485 497 496 506 513 495 499 521 496
"332" 481 486 505 495 495 505 511 504 512 491 510 492 503 501 506 508 515 496 526 493
"333" 490 509 510 498 499 492 504 499 508 489 514 497 505 501 499 499 487 509 498 491
"334" 509 495 510 480 508 504 508 501 509 476 503 501 497 517 509 483 498 507 513 509
"335" 491 503 518 501 498 525 507 496 505 486 501 482 504 483 508 497 504 496 521 499
"336" 494 501 526 487 491 514 512 500 508 495 506 490 499 500 506 498 490 496 516 493
"337" 482 489 519 496 492 490 488 499 506 496 503 494 505 489 506 498 516 498 527 505
"338" 508 491 505 487 497 512 504 507 511 485 495 483 502 513 518 499 493 494 488 495
"339" 491 502 514 491 483 497 501 503 503 487 514 500 500 495 491 496 508 500 529 495
"340" 482 498 503 503 494 514 516 501 508 504 487 505 498 493 494 500 501 497 517 506
"341" 484 491 524 492 505 518 497 503 497 495 495 485 493 517 508 497 503 491 517 516
"342" 488 489 512 485 502 502 500 496 498 492 523 500 499 501 512 500 494 499 497 494
"343" 503 500 502 489 513 507 485 516 501 486 502 492 507 510 510 487 492 492 490 494
"344" 492 495 507 498 494 515 490 503 494 498 498 488 499 485 499 489 495 492 514 484
"345" 480 492 502 507 488 506 494 507 490 494 504 496 498 498 500 513 488 499 498 503
"346" 494 491 500 489 503 511 506 496 502 492 500 488 503 497 498 504 486 508 496 505
"347" 477 499 511 490 489 517 497 501 501 492 501 506 501 499 505 490 506 496 490 501
"348" 504 504 522 494 490 516 511 500 489 488 501 499 500 502 506 499 496 485 502 495
"349" 497 504 509 506 495 495 495 503 496 485 490 477 507 493 502 500 512 491 510 503
"350" 474 492 496 483 498 516 513 505 498 489 511 483 503 490 511 500 490 500 492 497
"351" 499 503 497 490 505 508 502 502 508 498 516 498 501 495 502 495 477 499 503 493
"352" 494 486 508 507 493 512 499 501 504 497 481 497 492 507 511 503 503 496 525 504
"353" 495 486 516 499 494 512 509 501 507 497 496 489 496 490 494 504 508 492 529 502
"354" 492 493 504 519 512 512 504 507 500 498 492 493 493 494 506 512 504 512 518 493
"355" 491 502 496 493 487 514 491 511 490 501 497 496 510 484 498 494 501 490 501 493
"356" 497 488 518 488 488 514 505 514 500 487 508 498 515 505 503 501 490 504 498 503
"357" 495 507 494 501 507 518 498 511 493 490 509 483 498 516 512 494 496 490 494 492
"358" 493 491 512 482 502 517 503 504 494 498 509 491 502 513 499 486 488 489 494 511
"359" 483 499 509 494 504 508 502 498 492 493 499 495 495 489 510 505 482 490 523 506
"360" 484 481 493 498 505 512 490 502 504 497 500 496 506 499 500 482 490 501 520 481
"361" 489 496 504 480 496 509 509 496 499 487 492 492 499 502 496 509 483 494 516 500
"362" 498 482 506 501 496 513 500 509 504 510 495 480 497 505 499 495 478 496 487 487
"363" 496 494 487 503 499 507 484 504 497 496 501 484 482 501 505 501 508 488 492 505
"364" 522 498 519 508 506 500 507 506 499 499 496 491 502 482 489 509 501 502 513 489
"365" 480 515 498 488 490 500 510 512 495 495 504 483 507 497 508 499 512 505 514 498
"366" 492 488 519 494 496 521 487 501 500 507 490 495 505 501 505 501 484 498 513 490
"367" 486 488 499 490 521 504 498 504 506 490 504 509 509 491 510 486 493 491 500 503
"368" 501 489 505 476 498 512 494 501 506 491 508 489 489 498 502 507 497 493 491 502
"369" 498 515 519 506 505 515 508 518 507 497 520 489 510 487 508 499 493 496 505 503
"370" 493 487 521 497 504 523 491 513 511 500 521 497 513 497 501 517 498 496 496 502
"371" 483 493 507 491 499 497 495 503 508 498 493 488 500 498 494 507 497 507 485 504
"372" 497 496 514 492 498 504 491 503 509 493 503 499 490 495 509 495 485 504 513 494
"373" 503 490 502 497 491 505 489 502 491 502 509 496 506 501 506 499 501 503 509 498
"374" 498 499 501 503 496 513 501 508 514 484 490 494 510 498 503 503 483 495 487 506
"375" 504 495 501 515 500 499 511 504 498 483 494 492 499 503 504 498 490 492 508 499
"376" 500 495 510 484 485 510 500 505 507 504 493 487 517 499 508 493 504 493 517 496
"377" 501 513 500 491 492 526 506 507 506 509 507 496 506 500 507 496 498 520 496 501
"378" 495 505 528 500 493 484 518 501 504 491 501 505 508 495 503 491 511 479 513 487
"379" 494 516 518 511 504 510 507 497 502 490 511 497 506 507 515 508 507 496 501 509
"380" 491 502 499 478 510 508 505 512 498 492 507 491 499 504 497 505 501 513 505 487
"381" 487 506 511 481 495 500 485 504 511 483 493 483 499 507 500 498 475 490 496 496
"382" 487 504 500 476 506 499 486 502 511 497 515 487 500 492 505 499 485 509 492 508
"383" 504 501 502 508 504 499 505 507 501 514 509 490 493 502 492 492 493 499 518 491
"384" 490 494 507 485 494 523 501 500 494 499 514 482 501 480 508 499 481 495 517 504
"385" 489 501 507 512 484 502 502 494 488 496 502 488 505 479 512 504 496 506 496 512
"386" 484 500 519 499 505 514 509 506 501 496 492 483 494 505 498 497 484 502 518 480
"387" 484 495 512 488 498 512 506 512 501 505 496 481 501 494 505 497 492 503 519 496
"388" 497 498 511 494 490 519 519 512 498 504 519 492 501 504 486 469 507 508 515 499
"389" 503 506 519 492 505 526 509 515 494 490 517 490 510 500 513 497 505 487 518 508
"390" 489 490 503 480 499 513 497 488 494 510 495 491 499 494 504 489 509 491 502 500
"391" 493 504 518 496 498 507 487 520 499 496 512 482 505 503 511 494 509 492 505 501
"392" 498 489 498 486 485 510 492 504 505 506 512 499 498 492 486 493 489 501 519 499
"393" 507 508 524 495 507 515 499 503 503 485 494 490 510 494 498 497 499 500 494 510
"394" 487 487 528 493 498 519 504 498 508 489 500 497 501 505 510 498 517 496 487 484
"395" 486 493 513 486 496 493 512 512 507 494 490 492 500 499 496 500 498 513 513 509
"396" 493 499 510 478 486 507 496 495 497 500 490 493 511 490 509 502 483 491 504 485
"397" 498 508 498 480 500 502 494 512 501 492 512 480 511 496 492 508 484 501 506 492
"398" 501 487 498 490 503 512 501 505 496 482 496 487 495 500 518 516 502 487 509 497
"399" 504 499 518 509 497 518 505 510 516 508 497 486 502 497 493 505 494 483 506 500
"400" 490 493 495 512 502 526 492 506 512 498 512 487 505 514 505 495 504 505 510 502
"401" 494 505 506 507 496 509 505 503 511 492 507 494 497 492 509 490 499 500 500 493
"402" 494 494 509 504 502 504 506 512 505 498 509 496 495 505 501 510 493 484 508 495
"403" 495 504 503 493 494 506 500 504 508 506 489 488 499 493 504 502 524 489 517 505
"404" 495 517 519 482 489 500 500 509 507 482 508 491 516 508 499 494 504 502 519 503
"405" 500 505 505 491 498 504 498 511 496 492 505 475 492 492 509 490 500 486 521 495
"406" 476 496 503 494 494 517 490 503 499 483 485 494 506 494 495 501 490 499 509 504
"407" 501 498 507 485 494 514 503 515 494 500 505 487 501 489 495 502 498 501 512 504
"408" 494 496 512 504 503 504 525 493 510 495 495 487 508 498 503 513 491 506 529 500
"409" 488 501 500 515 509 521 496 507 505 493 507 489 504 505 510 491 489 496 514 484
"410" 491 508 504 496 509 507 503 504 500 502 485 507 502 511 524 510 499 498 517 495
"411" 492 515 503 503 484 523 509 514 492 485 516 490 510 498 498 493 479 490 522 485
"412" 501 505 503 495 500 509 501 505 490 483 499 488 499 501 504 492 490 502 521 500
"413" 488 487 517 505 493 511 512 507 498 484 493 480 488 500 498 499 500 502 504 499
"414" 494 493 519 489 493 509 517 507 502 488 492 488 497 500 499 499 504 497 498 501
"415" 486 497 499 519 496 503 503 511 484 492 515 490 494 496 502 504 511 488 516 508
"416" 499 499 507 498 502 505 489 507 493 502 498 491 502 491 491 506 490 495 514 485
"417" 482 496 505 490 496 511 505 489 505 474 492 493 508 494 494 497 494 500 516 511
"418" 495 504 523 506 485 499 510 500 496 500 522 490 510 509 506 506 480 491 530 500
"419" 496 486 500 494 501 512 502 505 497 481 508 489 496 497 514 506 486 498 497 488
"420" 499 498 506 491 493 512 498 514 505 498 493 504 491 493 503 494 500 485 491 494
"421" 488 502 520 492 497 499 516 499 493 498 504 490 494 483 517 506 498 516 507 493
"422" 478 495 507 510 490 499 505 514 498 497 510 492 497 487 503 499 496 495 518 507
"423" 493 491 504 493 486 498 496 517 513 515 518 490 504 493 518 500 491 496 514 491
"424" 498 503 503 492 494 518 502 503 498 488 494 492 512 498 505 493 485 495 500 501
"425" 486 501 501 513 495 506 503 512 518 484 494 492 485 507 500 501 492 498 489 509
"426" 491 506 514 485 499 503 503 509 502 506 488 494 509 497 508 499 510 500 496 498
"427" 498 499 497 483 496 520 494 495 501 495 502 487 493 504 500 503 501 490 507 501
"428" 494 491 507 500 493 512 499 500 508 489 519 480 494 488 499 508 490 496 483 498
"429" 492 503 515 511 490 517 501 503 502 491 484 492 496 494 497 495 487 500 518 497
"430" 495 501 511 493 495 516 502 504 508 490 515 489 494 513 509 485 489 498 494 491
"431" 479 505 508 502 490 512 500 515 510 496 504 498 503 486 501 499 481 491 514 511
"432" 495 492 519 505 489 499 501 505 502 494 491 495 506 499 516 507 491 496 518 490
"433" 489 507 498 498 492 503 503 505 501 486 502 490 507 498 497 489 482 491 493 490
"434" 491 514 502 494 506 495 492 522 507 502 520 494 509 503 510 499 515 490 526 503
"435" 498 508 512 495 493 520 510 512 509 499 484 492 509 505 490 502 505 507 503 500
"436" 483 489 500 516 503 497 504 498 491 494 514 487 494 498 512 497 494 497 517 491
"437" 498 488 506 497 502 507 491 518 512 482 502 482 502 492 510 499 495 485 513 491
"438" 492 500 520 494 503 506 500 495 496 493 485 507 501 503 491 497 500 500 492 491
"439" 495 486 513 507 496 504 501 513 502 498 517 503 513 491 507 479 506 495 492 490
"440" 502 516 528 502 500 496 493 502 511 484 487 483 506 515 506 506 488 488 504 504
"441" 490 492 509 498 501 502 511 517 495 488 509 496 500 501 502 499 500 505 524 480
"442" 494 488 505 503 497 510 489 501 491 504 487 496 487 510 502 496 497 496 510 496
"443" 500 509 506 501 499 521 504 507 503 492 510 488 495 496 499 485 500 494 518 482
"444" 481 502 509 490 502 510 497 506 508 508 515 479 512 515 512 502 486 485 491 491
"445" 483 503 520 484 489 503 508 504 499 499 496 502 500 492 503 484 499 495 506 500
"446" 496 473 503 497 483 526 499 507 483 491 485 480 501 494 498 493 503 496 518 503
"447" 486 488 494 495 498 501 508 504 502 505 520 489 505 491 515 498 496 495 522 499
"448" 485 511 499 502 496 508 500 500 509 491 514 483 494 500 509 500 505 492 521 505
"449" 505 501 514 503 500 518 499 507 496 493 481 501 505 501 495 500 488 491 527 489
"450" 497 497 518 491 502 519 502 507 505 496 505 503 507 495 506 491 491 507 490 502
"451" 502 505 512 494 496 514 507 514 493 507 502 488 500 513 508 492 498 495 533 488
"452" 490 507 496 492 493 507 488 510 503 491 504 497 496 490 486 489 495 494 521 492
"453" 479 494 518 508 508 503 505 502 509 497 491 499 491 499 513 495 494 483 519 505
"454" 496 494 499 494 495 520 497 496 503 496 501 500 499 503 509 498 503 500 491 495
"455" 497 496 511 482 495 512 513 502 496 486 501 505 504 494 501 504 499 490 512 493
"456" 495 503 516 530 492 514 490 498 503 505 503 497 491 486 500 503 493 489 519 491
"457" 496 520 522 499 503 513 493 503 519 494 482 503 495 500 517 488 481 487 497 491
"458" 489 492 519 490 500 521 493 515 515 508 492 500 501 492 496 490 483 502 512 493
"459" 489 507 518 498 501 515 501 490 505 488 497 493 505 508 510 496 501 490 514 499
"460" 499 508 509 491 497 509 502 489 502 481 510 485 493 507 507 501 520 508 512 486
"461" 505 493 504 489 503 513 495 509 510 495 497 489 508 508 498 495 484 487 508 499
"462" 513 499 489 493 476 517 511 516 519 504 518 495 503 495 501 508 491 494 526 495
"463" 488 495 508 518 494 521 496 502 500 494 503 491 499 513 499 497 497 498 493 508
"464" 495 483 521 479 500 506 496 513 489 493 502 487 502 493 507 490 493 512 493 513
"465" 489 517 511 477 496 509 489 498 496 481 501 495 499 518 491 491 500 495 521 493
"466" 492 499 509 498 496 499 485 507 499 490 489 494 506 511 512 492 510 484 510 500
"467" 482 502 516 488 502 501 500 504 516 485 491 493 496 503 504 497 498 492 512 492
"468" 486 501 504 520 488 511 506 491 503 505 509 489 507 492 515 484 503 484 513 496
"469" 493 487 516 498 489 505 485 497 504 491 491 484 495 512 501 500 522 500 522 505
"470" 505 491 511 498 495 493 494 490 513 498 513 491 505 493 512 505 472 502 490 484
"471" 481 503 509 496 495 519 509 503 507 500 496 493 495 496 494 491 501 497 497 506
"472" 489 499 514 496 516 510 497 512 505 484 496 497 504 513 513 486 495 514 488 502
"473" 482 509 497 496 496 507 506 508 500 490 506 506 510 502 489 509 496 503 525 496
"474" 498 484 517 506 504 498 509 496 500 498 513 490 502 497 508 506 485 510 524 476
"475" 487 510 506 489 486 514 512 501 507 482 490 493 500 503 491 486 480 499 512 496
"476" 495 486 510 510 508 522 504 516 518 495 511 501 481 482 502 498 498 500 507 508
"477" 483 488 511 508 488 524 489 512 503 491 513 496 499 497 489 501 490 493 522 499
"478" 497 497 509 520 504 495 514 504 500 495 483 486 491 486 509 492 514 497 495 508
"479" 487 505 510 480 499 512 491 503 515 497 507 497 500 502 502 494 491 509 489 490
"480" 493 485 511 496 503 513 507 508 505 496 480 487 515 487 505 495 493 495 517 507
"481" 499 496 515 501 499 493 513 508 501 495 516 503 470 503 502 506 498 501 512 495
"482" 484 498 509 493 495 521 500 513 511 485 505 489 509 508 499 501 487 495 491 503
"483" 488 501 518 505 496 508 485 490 497 502 498 494 502 488 517 492 494 482 494 493
"484" 485 487 507 489 499 498 514 508 507 504 494 507 518 484 501 502 513 499 486 505
"485" 498 514 506 496 497 502 490 514 493 498 515 493 500 493 495 505 505 505 522 500
"486" 487 483 508 478 496 515 486 513 501 479 509 491 508 486 497 493 499 501 508 501
"487" 506 496 507 494 496 498 498 502 501 505 490 488 499 498 498 504 487 497 500 488
"488" 497 502 511 514 489 523 487 497 496 484 508 490 503 491 496 501 494 517 493 500
"489" 480 497 491 501 493 512 502 508 514 491 485 484 492 493 506 491 502 496 515 497
"490" 504 499 506 482 488 505 493 502 489 482 500 497 500 512 501 498 491 489 502 504
"491" 505 502 504 496 495 509 495 508 498 499 503 485 490 493 516 503 479 490 485 497
"492" 501 504 506 523 502 494 507 505 520 504 485 500 503 493 496 490 489 492 516 493
"493" 490 504 510 490 484 517 491 514 508 477 503 499 504 489 504 502 507 490 515 516
"494" 487 489 518 493 500 526 486 514 518 507 495 500 487 489 497 505 478 502 519 490
"495" 486 487 515 496 503 499 488 500 500 498 489 495 503 492 504 484 494 499 521 491
"496" 486 503 510 497 498 518 509 511 502 505 492 514 490 499 505 488 497 497 507 491
"497" 501 510 521 490 503 524 493 496 500 508 496 500 506 493 497 497 496 512 514 484
"498" 498 502 519 497 486 497 513 521 489 492 520 489 485 504 516 500 522 505 511 493
"499" 486 501 508 509 502 519 499 500 498 495 507 493 506 491 503 493 495 493 512 497
"500" 500 501 515 504 491 513 502 502 490 509 508 497 502 509 508 492 480 490 504 504
"501" 486 487 504 508 508 502 494 511 500 499 522 491 510 503 503 505 487 500 501 488
"502" 494 503 513 480 495 523 511 500 507 497 495 498 503 509 509 507 499 489 526 505
"503" 479 495 499 490 498 509 501 507 495 487 508 495 518 484 504 503 489 519 502 505
"504" 490 503 515 478 499 514 498 511 504 492 508 496 502 488 496 498 483 509 518 487
"505" 506 497 510 504 500 515 481 502 500 495 497 489 497 488 492 497 498 495 480 487
"506" 486 504 500 481 500 517 517 505 501 505 507 495 491 498 501 509 487 505 494 496
"507" 497 517 515 482 497 512 503 497 499 494 493 494 499 493 510 499 484 509 529 509
"508" 489 492 508 491 512 489 510 502 498 481 517 504 503 497 497 504 496 493 499 488
"509" 508 499 521 485 487 504 494 512 507 484 509 486 486 498 500 495 500 497 504 498
"510" 504 489 506 503 495 497 500 502 505 479 503 494 507 490 509 500 486 499 520 497
"511" 509 489 522 493 496 504 500 507 508 480 503 491 481 494 505 504 505 513 502 501
"512" 495 495 503 512 485 515 491 513 500 498 500 488 490 502 503 490 490 485 521 505
"513" 498 488 515 508 495 509 498 500 491 509 514 495 490 479 510 495 512 491 536 490
"514" 490 493 515 479 493 517 495 499 506 498 502 497 487 491 499 490 499 506 502 492
"515" 505 496 512 491 496 513 492 497 505 495 486 498 494 505 495 497 503 520 495 486
"516" 492 498 514 515 488 515 510 489 501 500 512 496 500 496 499 507 496 510 520 503
"517" 492 493 512 488 491 519 511 496 497 513 478 497 493 505 497 486 503 505 517 498
"518" 471 496 523 495 493 502 495 516 500 481 512 489 510 489 493 493 510 509 483 509
"519" 498 496 510 507 502 503 503 494 501 483 505 489 510 489 504 491 491 510 522 485
"520" 488 513 515 501 509 518 514 504 507 493 503 495 495 504 493 497 507 488 526 500
"521" 490 504 511 519 508 511 503 512 495 508 500 497 493 487 509 490 494 518 484 500
"522" 492 497 512 488 498 509 510 499 501 481 511 498 497 486 500 490 508 487 498 507
"523" 497 495 509 509 494 513 503 498 486 497 503 493 504 495 499 491 484 499 485 502
"524" 499 503 515 503 477 511 500 509 482 493 498 498 495 522 488 508 516 496 505 505
"525" 505 479 507 480 497 502 503 505 500 494 506 494 491 491 494 499 508 495 504 504
"526" 500 495 518 489 494 506 518 506 507 489 507 501 512 495 498 502 505 504 504 497
"527" 494 501 494 489 496 480 498 510 499 498 508 495 503 483 503 494 479 497 526 490
"528" 495 498 494 498 496 501 495 504 497 494 500 473 512 486 493 498 493 491 502 506
"529" 482 494 507 497 498 493 487 505 495 496 496 489 507 498 499 494 504 510 503 501
"530" 496 500 516 522 495 494 491 524 509 503 482 483 500 488 498 492 502 489 498 500
"531" 491 488 510 482 500 499 508 500 508 500 518 493 497 500 497 487 492 492 524 499
"532" 484 499 501 494 507 523 511 509 517 499 497 490 505 499 501 501 496 483 509 506
"533" 501 486 518 493 513 523 495 497 497 501 502 486 503 500 518 494 496 486 482 495
"534" 490 503 529 501 487 508 502 498 495 490 496 486 504 501 508 500 483 494 525 506
"535" 491 487 506 499 489 521 510 489 507 497 492 499 497 487 513 506 489 480 529 504
"536" 504 507 510 487 484 507 500 505 512 475 494 500 500 511 512 501 504 492 517 485
"537" 494 495 496 479 501 513 483 510 512 500 493 500 501 502 514 506 498 503 516 520
"538" 503 486 509 499 492 509 510 507 500 492 489 491 495 498 502 498 501 494 516 502
"539" 500 495 513 495 492 512 516 495 496 503 488 492 505 509 495 486 495 484 517 500
"540" 501 511 498 504 509 502 494 515 506 493 490 487 497 491 501 496 508 488 513 516
"541" 500 503 500 490 498 517 508 498 492 504 508 480 509 517 509 499 510 498 522 498
"542" 479 497 517 488 503 521 495 500 503 498 504 491 494 492 509 497 501 495 504 503
"543" 490 511 496 488 485 499 500 491 504 498 491 480 503 507 497 500 495 508 529 492
"544" 492 502 515 489 495 500 501 514 507 494 506 492 500 497 499 511 504 500 528 495
"545" 488 505 502 514 498 517 489 499 518 489 493 494 499 523 501 493 496 493 491 509
"546" 504 496 504 481 481 507 482 499 510 491 505 504 503 503 497 499 483 501 528 493
"547" 496 506 489 492 503 504 490 498 497 488 485 499 496 493 509 497 485 494 528 492
"548" 502 489 492 498 507 500 502 498 502 492 499 502 502 488 502 510 493 498 519 494
"549" 484 493 507 498 491 502 511 504 492 503 505 499 500 500 507 494 512 522 495 500
"550" 484 495 505 515 495 509 494 508 514 476 500 487 510 502 514 507 498 508 518 499
"551" 495 509 510 505 498 508 487 493 500 486 495 488 511 489 498 510 494 500 507 502
"552" 493 499 510 497 482 515 499 513 487 494 501 488 497 497 510 497 498 494 526 492
"553" 501 498 500 518 491 510 512 508 506 482 514 491 491 504 502 508 501 501 511 490
"554" 485 496 509 492 497 521 493 516 497 487 496 483 494 501 500 490 496 489 502 502
"555" 483 503 511 511 500 520 507 497 493 497 513 485 504 492 499 510 496 493 504 498
"556" 478 500 513 487 497 526 483 512 500 494 481 498 507 503 501 496 500 491 522 496
"557" 501 500 519 506 488 513 497 489 483 493 495 481 499 512 517 509 507 495 528 496
"558" 508 500 500 496 495 499 505 509 509 497 487 491 508 500 504 502 497 492 508 491
"559" 505 484 516 513 497 509 506 517 486 495 512 496 494 493 501 491 500 488 502 493
"560" 494 510 510 487 487 512 482 506 511 501 486 490 497 487 498 503 489 486 488 504
"561" 486 508 499 475 501 515 500 498 501 489 488 497 495 503 490 505 503 516 519 500
"562" 490 496 512 493 492 498 507 494 504 497 508 497 500 490 499 506 488 488 498 488
"563" 496 499 508 508 492 498 499 513 506 508 485 492 495 494 515 496 483 505 508 500
"564" 492 489 503 511 486 510 498 507 505 513 515 496 499 490 509 498 489 495 504 493
"565" 485 499 503 505 516 517 493 503 504 496 510 491 486 493 499 503 494 496 495 498
"566" 495 482 503 487 500 515 511 505 501 478 505 495 503 496 506 504 478 490 520 488
"567" 502 500 504 517 495 519 488 498 497 500 498 495 496 500 508 484 494 496 482 488
"568" 499 506 497 476 507 507 501 508 504 498 494 488 492 496 497 501 484 491 527 502
"569" 486 504 515 503 496 507 506 512 511 491 496 493 499 511 503 501 492 488 497 483
"570" 500 496 510 497 511 524 512 505 495 482 504 514 500 492 487 501 493 487 515 501
"571" 489 500 504 521 498 505 507 514 502 495 488 495 509 493 500 495 505 516 527 486
"572" 481 504 506 491 508 509 492 507 507 498 478 499 498 489 514 501 475 489 494 494
"573" 494 494 510 489 489 492 508 503 507 481 501 498 511 501 496 501 498 484 487 500
"574" 503 493 515 506 496 502 486 501 495 493 500 496 495 499 499 485 501 488 494 506
"575" 496 489 504 506 504 508 508 511 502 496 511 492 499 503 514 498 485 491 487 504
"576" 482 507 494 494 493 520 505 498 496 488 494 488 511 492 504 497 499 507 518 505
"577" 491 489 491 489 488 495 507 507 496 499 487 492 496 494 500 500 490 491 523 504
"578" 494 507 498 508 492 511 495 524 498 496 490 501 497 498 504 511 518 510 504 488
"579" 488 497 509 499 493 504 499 497 501 499 514 493 502 514 495 500 487 499 503 501
"580" 490 499 494 512 508 497 480 497 494 500 506 486 500 492 500 493 497 494 484 487
"581" 500 509 516 507 500 516 500 513 498 487 505 502 513 489 502 503 501 497 502 500
"582" 503 493 506 501 500 508 502 518 510 499 506 481 508 496 501 495 501 493 510 490
"583" 486 495 501 504 505 517 494 493 490 498 489 490 498 487 497 505 508 515 513 501
"584" 497 499 512 491 493 513 503 487 504 497 507 488 505 508 493 497 509 498 530 492
"585" 495 491 511 515 498 497 503 512 498 506 499 491 508 500 513 504 502 494 515 488
"586" 495 487 496 484 492 501 502 509 510 494 501 494 495 500 494 496 495 493 497 513
"587" 496 498 517 494 491 496 507 503 505 496 510 496 510 502 508 489 483 503 499 487
"588" 494 489 509 505 494 506 511 500 513 508 513 489 507 488 503 500 498 490 526 494
"589" 489 488 525 497 492 516 511 510 493 495 509 493 504 484 511 506 498 494 488 509
"590" 505 474 505 506 499 517 489 508 514 480 497 502 504 490 492 499 499 498 506 500
"591" 487 512 513 501 494 512 511 500 497 489 493 489 503 492 492 484 489 490 491 501
"592" 490 500 510 489 491 519 497 500 499 516 486 505 507 500 500 488 502 502 525 491
"593" 484 501 512 492 499 505 496 507 503 496 503 489 496 501 502 498 515 495 493 480
"594" 485 491 508 489 505 512 503 508 505 502 504 476 511 490 496 495 499 494 484 496
"595" 481 501 514 497 494 513 484 506 499 489 494 494 508 497 498 493 491 499 516 495
"596" 486 490 510 490 489 498 499 507 501 496 501 492 508 505 501 514 485 488 518 491
"597" 503 501 511 495 483 513 501 511 499 500 490 493 498 496 488 499 497 507 506 487
"598" 490 504 523 488 493 502 496 495 505 490 506 496 509 491 503 500 499 490 499 490
"599" 487 499 524 489 503 511 507 504 496 507 500 493 502 498 511 494 489 506 522 509
"600" 491 497 504 506 489 507 501 520 508 499 511 504 506 506 498 496 502 495 508 500
"601" 500 492 515 496 491 506 506 512 500 499 520 493 499 505 502 505 487 489 511 487
"602" 483 502 513 512 492 497 499 508 502 493 516 506 497 499 499 495 489 497 524 498
"603" 505 497 503 489 509 514 493 504 494 498 494 486 501 489 515 506 523 495 527 502
"604" 469 495 508 487 501 521 504 504 498 497 503 494 500 518 514 485 513 481 499 497
"605" 485 488 498 487 496 504 496 494 503 483 493 498 495 491 511 500 510 493 525 485
"606" 486 492 528 513 486 513 503 511 491 496 511 491 507 496 514 487 493 495 523 506
"607" 482 495 525 488 513 505 498 507 509 496 507 498 503 501 497 496 502 503 501 495
"608" 503 511 515 490 481 525 498 501 494 499 501 492 504 491 491 510 505 499 508 499
"609" 491 494 507 494 482 509 498 512 509 481 519 498 516 491 484 497 507 499 516 498
"610" 496 500 514 495 490 525 503 515 495 483 491 508 497 512 508 492 484 497 510 499
"611" 496 496 514 493 495 499 492 518 486 504 501 504 501 507 500 506 481 500 499 498
"612" 485 495 505 491 499 517 506 493 507 496 507 494 496 496 489 501 500 501 485 492
"613" 499 496 504 489 506 499 508 509 506 507 507 495 492 500 501 504 512 496 508 491
"614" 491 496 507 492 497 512 513 500 490 507 513 499 500 509 512 504 506 500 524 486
"615" 503 508 508 487 495 522 496 509 515 481 503 488 497 499 495 500 495 508 500 498
"616" 492 489 517 511 495 504 501 502 497 483 520 499 500 512 519 490 501 500 507 489
"617" 481 500 506 499 498 521 502 502 506 489 503 488 494 489 496 507 485 499 484 499
"618" 486 498 516 510 493 512 505 519 512 485 491 485 498 500 493 497 510 489 515 493
"619" 504 489 507 511 495 526 496 498 502 514 497 495 508 507 493 495 503 498 494 498
"620" 500 513 516 516 493 499 510 494 489 500 493 484 501 491 507 491 505 499 522 501
"621" 485 493 499 493 493 512 495 491 495 474 502 494 513 497 509 502 508 501 493 498
"622" 493 489 512 488 496 515 495 509 503 486 486 489 502 503 506 510 487 495 500 507
"623" 492 504 505 495 496 520 514 504 508 496 492 487 494 493 504 495 509 506 522 497
"624" 483 501 515 507 498 510 501 490 510 489 504 503 499 500 494 505 490 499 484 504
"625" 500 491 504 487 510 510 494 492 497 485 495 485 495 497 491 484 503 499 510 506
"626" 491 487 513 515 504 508 512 509 500 491 488 490 497 510 503 499 476 492 490 486
"627" 495 504 510 530 502 499 496 504 508 501 489 485 504 487 506 499 487 495 494 496
"628" 491 502 515 496 496 515 479 498 500 498 495 493 509 516 506 499 516 494 515 484
"629" 491 495 507 491 498 503 491 501 501 505 497 499 497 491 490 493 503 500 521 502
"630" 502 522 508 496 491 523 496 517 508 509 493 485 498 497 507 496 482 502 520 491
"631" 480 509 513 501 509 518 502 512 501 499 482 491 500 507 505 492 490 507 521 491
"632" 494 494 511 490 494 510 491 507 509 484 501 501 494 507 506 500 494 494 509 496
"633" 501 503 519 474 500 525 488 502 491 511 503 502 509 482 503 493 502 486 532 495
"634" 484 483 511 517 501 507 501 505 503 488 494 500 511 488 511 487 506 483 497 507
"635" 482 493 515 507 484 520 487 504 493 492 494 481 494 509 498 499 503 498 498 491
"636" 486 504 520 476 490 518 506 512 498 474 507 497 493 492 498 498 485 493 517 505
"637" 494 512 513 495 483 519 498 498 502 484 515 500 508 497 498 500 494 495 495 485
"638" 491 494 507 497 494 506 488 497 502 484 496 484 502 492 499 490 515 511 519 503
"639" 496 503 513 499 507 516 499 503 502 487 505 498 511 513 491 498 499 502 491 499
"640" 476 504 514 483 501 521 509 507 505 490 496 491 500 490 502 494 495 499 490 496
"641" 493 512 496 513 501 498 509 497 505 486 500 500 509 496 498 495 495 490 523 499
"642" 494 485 514 513 491 503 503 476 501 479 508 485 508 502 513 491 486 486 519 490
"643" 481 497 522 489 497 518 514 503 495 489 502 488 496 485 509 489 509 494 488 491
"644" 485 514 510 485 492 508 499 502 490 491 505 490 501 490 515 498 501 514 494 489
"645" 505 488 503 489 496 512 485 502 504 496 502 492 513 491 506 485 487 491 525 493
"646" 499 497 511 487 491 500 494 506 501 488 520 500 502 497 513 504 500 493 491 495
"647" 492 496 499 507 492 502 508 503 502 505 502 496 497 486 514 491 503 485 507 485
"648" 494 506 507 496 500 499 518 504 499 505 485 494 505 487 498 507 492 491 499 497
"649" 490 497 513 478 500 518 501 515 502 483 512 502 498 504 490 499 497 507 513 496
"650" 501 497 518 513 497 508 485 510 512 499 496 491 508 480 497 483 485 490 507 503
"651" 495 496 513 492 503 501 503 499 507 501 511 500 500 494 501 506 476 489 524 505
"652" 493 495 507 486 499 517 500 501 501 497 511 495 511 497 506 503 506 487 482 500
"653" 498 495 490 484 483 508 499 508 502 492 505 491 511 500 517 516 489 498 517 511
"654" 498 488 496 492 493 520 500 494 491 500 511 494 489 491 500 494 484 487 489 513
"655" 484 486 506 504 503 511 493 504 503 513 504 493 484 504 515 498 505 488 508 500
"656" 503 499 498 494 496 512 496 524 488 486 510 479 490 488 505 488 490 506 483 506
"657" 511 501 499 488 497 518 489 503 510 488 497 497 499 490 498 493 504 512 525 494
"658" 486 506 507 490 484 492 497 513 497 497 507 494 495 491 508 511 507 503 488 497
"659" 481 508 507 496 481 505 512 510 509 493 510 497 497 492 506 504 500 488 522 498
"660" 495 496 504 497 510 508 497 511 507 499 500 480 500 490 499 514 495 489 524 493
"661" 493 490 505 503 488 509 513 502 509 502 495 498 498 508 497 501 486 507 487 516
"662" 502 496 504 501 494 516 495 509 498 482 507 495 488 506 494 507 488 487 520 502
"663" 496 502 497 520 490 500 512 497 508 483 503 497 494 519 502 499 496 487 498 494
"664" 487 495 509 491 500 512 498 518 501 488 510 502 489 499 492 497 499 493 491 488
"665" 514 511 529 493 497 517 500 506 496 492 483 491 502 493 486 512 505 500 515 501
"666" 494 506 520 479 493 506 496 500 502 499 503 494 507 518 504 499 497 489 520 515
"667" 488 490 521 501 507 516 504 504 501 483 497 485 494 498 504 491 518 488 510 495
"668" 500 483 510 502 507 516 497 500 506 484 501 489 503 503 505 497 487 495 492 503
"669" 493 494 513 504 498 501 506 505 499 495 516 494 496 503 505 488 474 502 494 496
"670" 484 504 518 482 503 517 495 497 511 492 498 495 495 493 503 500 500 497 499 483
"671" 485 496 507 499 500 502 489 507 504 492 489 491 509 502 495 483 487 489 512 513
"672" 496 501 503 483 492 513 508 507 501 494 510 511 507 496 501 502 480 496 527 512
"673" 499 484 498 500 498 506 503 493 498 496 508 494 488 494 493 495 486 501 520 504
"674" 504 515 503 514 484 520 514 516 504 487 485 488 505 489 497 498 507 497 517 490
"675" 501 490 503 504 497 515 514 511 501 491 519 497 511 487 514 494 487 500 515 505
"676" 479 494 496 483 496 516 494 496 501 485 484 495 518 490 497 509 514 498 494 490
"677" 489 507 512 487 491 498 508 494 503 496 494 496 494 499 511 506 513 499 520 510
"678" 492 495 513 504 491 512 488 501 513 490 496 491 506 483 496 497 492 498 522 509
"679" 494 489 518 488 502 510 503 519 489 497 503 493 493 498 501 500 502 496 515 480
"680" 490 500 514 483 495 518 487 492 504 490 509 493 496 493 500 505 511 502 493 491
"681" 486 496 510 495 502 519 491 504 499 488 490 494 492 501 512 489 485 489 512 497
"682" 484 493 515 519 496 517 512 514 492 503 508 493 514 497 503 510 496 501 510 497
"683" 493 502 508 500 497 510 494 500 502 505 495 492 502 488 505 505 499 509 488 493
"684" 506 497 503 518 498 494 478 506 504 501 493 490 500 494 502 496 516 493 510 496
"685" 506 516 504 488 486 514 513 509 496 502 510 498 523 499 508 487 492 503 512 489
"686" 486 497 513 483 488 503 497 496 489 496 502 486 493 496 503 494 497 498 512 488
"687" 493 493 522 513 496 511 491 514 511 493 503 501 497 499 521 493 501 497 525 485
"688" 490 499 516 506 508 513 491 498 498 510 507 500 491 497 507 501 510 506 518 505
"689" 497 494 506 489 488 515 487 504 507 504 511 496 492 497 495 499 501 487 498 486
"690" 504 493 518 494 498 515 489 517 509 480 496 495 498 506 500 500 501 512 507 509
"691" 488 485 501 506 494 507 483 496 508 486 497 495 506 490 494 501 493 482 520 502
"692" 492 500 508 488 487 506 501 505 501 481 502 483 502 492 498 488 488 490 488 490
"693" 490 499 514 515 493 497 509 510 498 507 505 492 501 502 514 503 501 485 498 482
"694" 490 510 499 488 497 514 510 510 490 486 490 485 497 494 514 505 510 506 521 509
"695" 521 490 519 502 492 505 516 504 495 484 496 484 509 482 518 494 493 489 496 493
"696" 492 491 518 492 495 513 513 519 505 502 518 495 494 494 495 503 490 506 527 488
"697" 491 501 505 481 497 488 495 492 503 504 512 492 496 489 506 506 506 491 523 507
"698" 511 504 511 519 499 520 495 506 514 503 501 480 500 508 513 510 503 495 505 501
"699" 500 495 506 487 501 515 513 507 506 499 505 493 487 508 501 509 482 497 516 500
"700" 487 508 502 489 498 508 505 495 507 499 509 488 500 493 497 498 508 488 515 510
"701" 494 490 511 484 506 508 505 504 500 499 477 494 494 493 513 492 485 507 510 498
"702" 499 492 518 504 489 508 505 493 502 503 507 499 500 509 509 505 519 491 521 484
"703" 496 502 494 508 501 527 516 512 499 494 504 491 502 490 502 495 493 500 497 490
"704" 503 506 514 510 497 516 490 513 508 500 500 478 490 499 496 503 495 497 509 499
"705" 474 485 507 495 499 514 496 512 506 495 502 492 498 493 492 497 502 496 506 508
"706" 501 484 501 483 514 509 506 511 504 507 498 500 507 507 509 509 489 501 488 503
"707" 500 504 518 484 488 503 505 502 509 500 505 484 500 505 493 496 495 481 506 493
"708" 498 497 498 500 497 523 507 495 516 497 495 493 500 486 502 496 501 501 519 500
"709" 497 496 508 493 495 500 499 503 494 481 512 493 496 489 511 511 497 497 508 504
"710" 492 506 515 513 499 499 479 511 496 486 516 497 512 499 506 499 508 508 515 486
"711" 477 494 515 490 502 496 483 495 502 496 517 503 497 497 516 505 516 489 489 475
"712" 484 485 502 494 497 507 499 505 504 474 499 493 496 509 497 495 488 487 501 500
"713" 486 485 500 488 492 513 504 517 498 483 511 491 480 485 496 503 492 486 529 499
"714" 498 514 506 512 494 514 504 514 511 489 501 500 499 494 494 495 493 501 523 498
"715" 504 496 515 486 491 515 498 513 498 496 495 505 509 500 509 511 491 502 533 490
"716" 487 493 503 499 489 503 493 516 506 495 490 493 483 502 509 499 485 482 512 500
"717" 498 501 517 482 491 507 515 494 506 487 504 497 503 515 497 501 498 497 518 503
"718" 495 495 492 492 501 506 477 506 491 490 516 487 504 495 514 498 474 497 506 512
"719" 486 491 507 490 510 525 510 503 515 483 495 489 498 508 501 497 500 494 488 514
"720" 498 496 513 471 502 500 501 510 500 504 510 494 513 498 503 513 493 503 499 480
"721" 511 495 503 508 499 499 506 500 515 493 485 503 508 490 496 495 514 497 494 477
"722" 485 501 514 512 499 514 513 501 502 494 501 494 500 498 514 507 525 508 488 501
"723" 480 487 511 499 493 512 489 505 495 499 521 507 499 492 502 507 483 500 505 491
"724" 488 496 504 493 492 508 493 490 513 490 510 497 501 500 504 504 499 494 518 491
"725" 490 502 508 492 500 495 506 507 492 498 510 489 504 489 502 496 487 500 520 499
"726" 500 492 508 498 495 526 488 490 494 491 491 489 500 501 523 505 501 500 509 492
"727" 492 502 516 488 501 518 507 518 513 496 501 492 502 514 482 503 512 509 526 502
"728" 496 492 498 517 494 498 500 507 499 483 493 486 499 491 486 493 495 493 519 511
"729" 498 496 505 480 492 507 506 498 511 490 501 486 506 492 504 501 505 501 508 492
"730" 492 508 504 504 497 506 483 502 509 501 502 491 500 503 493 492 486 513 490 499
"731" 484 505 503 496 501 500 501 516 491 481 496 499 510 504 507 502 506 492 513 505
"732" 498 497 505 497 503 497 498 498 495 487 500 487 504 492 506 493 489 499 503 490
"733" 491 503 502 473 503 490 506 511 504 522 498 490 500 501 501 490 518 495 523 492
"734" 497 488 493 487 502 489 505 525 494 495 490 489 495 474 495 490 520 491 521 501
"735" 505 497 517 489 503 520 495 490 497 506 515 493 505 490 496 496 507 495 511 487
"736" 485 510 516 491 502 515 507 532 505 498 494 487 502 511 507 491 519 488 518 499
"737" 499 485 511 506 496 527 503 497 488 499 514 493 515 504 502 497 492 497 497 495
"738" 492 488 515 499 502 509 510 492 499 488 496 492 493 510 510 487 495 498 494 503
"739" 499 506 501 486 496 512 503 496 505 506 494 504 490 494 508 505 503 502 505 500
"740" 485 483 509 488 483 512 495 489 502 496 508 487 496 502 507 493 506 484 525 512
"741" 509 499 515 493 496 496 497 503 499 474 517 489 503 494 499 503 496 505 510 494
"742" 501 496 521 503 499 503 501 503 496 508 505 492 500 486 519 507 491 517 523 491
"743" 494 493 494 499 488 500 509 509 496 485 513 482 511 499 495 494 492 498 485 495
"744" 489 500 513 486 500 510 510 514 505 498 508 490 505 496 499 499 515 504 494 505
"745" 498 497 508 478 498 508 497 514 496 484 504 484 510 497 515 491 492 497 507 505
"746" 494 503 512 495 500 509 513 510 492 487 490 486 507 487 501 504 494 499 493 497
"747" 489 493 497 492 497 510 504 497 505 490 512 487 495 491 492 497 517 486 511 500
"748" 491 491 511 505 491 529 510 510 503 495 507 488 498 490 486 506 501 495 506 493
"749" 500 492 519 493 499 527 486 516 514 509 496 491 499 512 510 492 494 492 513 490
"750" 485 501 500 495 500 504 514 508 502 481 505 500 484 506 504 493 503 506 518 499
"751" 496 495 498 484 485 510 517 500 500 486 488 495 501 496 496 502 485 491 509 495
"752" 503 505 509 485 478 497 499 500 501 492 496 491 496 498 516 493 501 496 512 489
"753" 495 487 505 501 493 500 495 505 498 500 494 510 519 492 506 495 493 493 532 485
"754" 491 500 505 489 488 512 506 501 505 496 485 491 490 502 522 497 487 492 490 509
"755" 502 508 507 517 498 502 498 498 505 494 493 501 509 510 498 487 488 499 510 504
"756" 476 501 506 500 502 512 496 502 493 497 489 485 504 489 494 506 506 512 495 499
"757" 496 500 514 494 498 511 499 510 505 495 496 501 494 516 509 493 497 499 529 500
"758" 501 501 496 507 492 498 496 515 507 486 509 493 508 500 505 494 509 510 496 489
"759" 483 501 504 490 493 501 490 524 513 489 497 476 505 492 496 497 483 508 498 497
"760" 496 482 518 503 505 506 508 507 506 489 500 499 489 488 518 510 479 501 483 509
"761" 486 498 514 486 491 516 505 498 501 487 503 492 497 489 504 501 494 511 510 487
"762" 495 506 502 503 492 518 505 505 503 498 504 495 511 493 492 515 491 500 503 497
"763" 503 498 519 488 481 513 495 516 492 500 491 497 508 492 501 501 500 492 515 498
"764" 506 492 493 501 488 508 507 499 507 492 486 496 498 506 503 481 510 501 529 488
"765" 513 500 503 510 486 518 498 509 492 488 504 489 498 505 502 498 489 492 499 505
"766" 491 508 513 506 496 508 501 501 496 494 507 490 502 502 498 506 501 494 529 499
"767" 490 499 507 482 503 509 483 519 513 493 511 485 500 513 506 492 485 506 495 495
"768" 489 506 499 487 507 503 483 507 511 494 499 501 512 499 499 497 488 495 501 483
"769" 498 499 507 477 493 514 505 512 498 496 494 482 507 507 502 497 501 502 486 501
"770" 480 497 505 492 495 511 503 506 509 488 505 488 496 513 498 509 479 495 489 484
"771" 494 505 522 486 502 494 521 492 494 482 491 494 503 485 503 502 517 483 507 494
"772" 495 505 513 487 490 508 491 504 499 482 505 485 500 509 517 494 484 492 519 501
"773" 487 486 506 509 499 510 508 511 502 481 490 486 500 500 502 507 492 494 519 483
"774" 487 505 511 489 497 512 508 519 509 508 511 501 491 491 492 488 496 499 516 499
"775" 491 496 512 491 502 510 486 502 502 490 507 480 504 512 495 505 484 503 500 498
"776" 503 487 512 476 491 498 505 515 499 494 498 488 497 513 508 495 501 502 519 490
"777" 497 495 519 490 499 500 497 491 515 484 499 486 508 507 506 509 506 492 518 500
"778" 507 496 513 487 490 511 501 521 492 494 498 493 495 477 506 496 502 490 519 488
"779" 500 492 512 508 509 512 500 498 504 499 501 488 494 511 515 519 495 491 515 498
"780" 485 502 510 485 501 509 509 506 512 486 494 492 507 499 498 490 490 493 506 509
"781" 488 502 502 489 492 520 510 499 504 492 494 489 504 508 504 498 519 507 493 487
"782" 502 485 514 516 508 503 518 513 498 500 510 490 499 491 505 488 491 488 496 503
"783" 478 495 516 500 481 518 510 516 490 491 505 491 494 490 499 502 497 493 488 510
"784" 488 486 519 492 489 515 498 491 501 510 489 479 500 505 506 489 482 497 525 494
"785" 504 494 507 515 482 505 510 497 512 493 496 490 493 506 498 507 492 497 488 502
"786" 499 509 513 491 501 509 493 503 506 490 509 489 499 510 505 498 484 497 490 502
"787" 490 489 521 511 506 507 506 493 507 499 498 484 503 498 496 516 492 497 526 481
"788" 491 500 505 527 496 501 515 499 489 510 510 492 501 492 499 498 492 489 525 522
"789" 502 489 511 488 502 499 489 496 509 495 485 493 498 501 508 502 483 499 520 500
"790" 498 487 498 501 496 518 490 498 499 501 500 486 499 495 512 512 488 492 517 505
"791" 506 494 522 504 507 511 508 511 504 485 502 483 504 505 521 505 494 495 517 493
"792" 507 491 510 476 494 491 486 515 507 504 484 489 493 499 496 498 512 491 502 494
"793" 492 494 507 485 501 505 501 511 499 485 509 493 508 503 500 494 484 493 498 492
"794" 503 486 512 499 498 508 515 506 502 497 521 505 502 496 505 487 480 503 514 506
"795" 486 489 515 496 501 504 493 508 500 500 512 503 504 492 508 509 508 504 515 510
"796" 494 492 507 518 504 526 504 498 505 491 488 488 498 497 520 498 501 510 520 500
"797" 512 496 515 502 496 511 505 481 499 489 504 504 508 491 495 493 502 486 521 504
"798" 501 493 505 497 495 505 499 510 506 489 495 494 497 488 516 490 493 489 512 500
"799" 481 489 512 499 500 519 517 510 508 468 497 494 508 493 496 505 483 501 511 496
"800" 482 507 500 491 491 503 511 508 500 495 498 486 500 514 511 496 497 494 533 500
"801" 507 488 493 494 502 510 491 512 499 495 497 496 507 481 499 507 494 485 513 508
"802" 490 495 511 479 502 502 516 506 504 482 500 495 499 485 515 494 501 500 504 496
"803" 487 502 511 490 495 513 495 498 505 492 496 487 501 524 504 491 492 514 496 499
"804" 482 494 517 492 513 501 506 508 495 506 510 502 493 498 499 493 477 495 505 501
"805" 488 482 511 513 494 513 491 501 497 484 494 496 493 509 486 488 480 489 503 503
"806" 500 489 526 477 502 512 507 505 504 487 493 488 488 512 511 495 487 505 514 498
"807" 501 496 519 498 499 502 501 507 497 495 506 498 502 507 495 494 495 497 503 499
"808" 493 502 504 502 514 508 490 497 502 487 497 496 497 511 499 489 498 499 498 493
"809" 501 500 500 492 487 491 507 508 513 504 499 499 495 497 500 496 492 489 522 494
"810" 493 496 514 497 494 513 507 504 497 493 503 489 510 502 512 495 486 484 488 490
"811" 504 490 500 505 500 495 487 522 499 494 508 496 511 508 496 500 511 486 494 496
"812" 489 500 513 489 486 507 502 493 509 490 482 492 489 490 484 504 488 490 521 506
"813" 477 500 499 495 504 499 493 519 508 489 505 500 499 488 501 488 486 500 497 509
"814" 502 505 516 481 494 505 506 503 506 494 514 497 513 492 508 505 498 497 497 504
"815" 496 491 498 494 500 500 497 505 497 495 514 498 499 493 504 503 490 489 522 498
"816" 491 495 504 492 487 509 489 490 503 477 503 487 502 503 502 519 494 494 519 486
"817" 473 505 520 484 494 511 510 511 501 505 506 494 505 492 502 509 506 508 527 487
"818" 482 483 504 495 501 500 495 514 497 487 512 507 501 496 498 493 490 491 517 500
"819" 502 495 511 515 499 516 501 514 508 493 506 494 511 492 503 500 505 493 507 495
"820" 495 495 510 484 494 505 510 521 510 507 500 491 517 499 494 495 493 502 519 501
"821" 489 498 519 492 496 508 505 503 493 490 502 483 516 512 520 492 490 512 503 493
"822" 493 507 514 497 503 510 512 508 485 492 483 493 495 493 495 505 498 500 520 507
"823" 486 495 504 513 498 494 502 512 508 497 510 509 502 500 490 489 485 494 514 500
"824" 483 495 489 483 498 502 497 497 494 500 507 493 509 500 509 495 507 491 487 509
"825" 490 496 495 488 495 504 505 506 502 506 496 496 490 488 500 491 495 493 493 500
"826" 496 489 509 493 487 508 510 496 505 480 510 492 498 493 498 505 480 491 487 489
"827" 504 495 524 501 486 516 505 526 497 492 501 497 508 489 501 478 503 490 487 512
"828" 482 495 512 510 513 500 495 498 503 498 502 493 504 502 509 499 502 502 524 493
"829" 496 499 495 486 502 508 496 513 503 480 502 488 499 500 504 492 489 485 529 503
"830" 504 497 519 489 490 507 499 522 496 492 489 494 509 492 512 497 492 498 526 491
"831" 484 492 518 498 504 507 485 499 501 500 497 494 501 493 493 510 497 490 506 494
"832" 500 494 502 485 508 489 512 501 512 495 516 482 488 487 516 500 497 509 512 508
"833" 493 501 506 502 484 519 493 488 500 501 494 497 496 493 510 495 504 503 502 492
"834" 493 501 503 493 502 524 503 506 513 476 506 500 497 485 507 502 512 494 518 506
"835" 503 503 501 489 492 513 499 509 507 483 507 496 510 489 502 492 506 506 498 481
"836" 499 483 511 500 500 504 496 499 507 494 493 499 504 497 488 506 472 506 508 502
"837" 484 490 513 492 494 515 510 504 500 498 507 504 495 497 496 499 509 505 498 492
"838" 505 488 518 492 513 489 510 510 511 485 510 492 497 503 490 501 488 492 496 498
"839" 500 501 501 496 515 514 490 511 502 500 500 490 491 505 505 503 503 486 494 509
"840" 502 491 516 490 493 514 515 502 499 492 489 494 498 508 498 504 488 486 501 489
"841" 493 487 514 497 505 523 500 509 492 478 490 487 500 497 485 514 492 483 502 496
"842" 489 504 511 481 501 511 505 505 497 479 502 497 501 495 486 508 482 496 514 495
"843" 492 499 511 503 488 511 498 496 506 498 512 495 507 506 490 497 496 499 494 487
"844" 502 497 512 502 519 503 502 499 500 499 504 490 505 494 507 498 512 498 528 484
"845" 495 491 511 492 500 495 503 499 505 499 507 506 503 505 496 495 486 504 519 501
"846" 499 502 518 509 482 497 494 499 501 498 514 498 491 509 500 500 505 506 522 509
"847" 484 503 502 492 485 507 503 505 496 476 505 494 494 515 497 498 504 488 473 502
"848" 490 501 518 495 486 505 505 508 506 492 489 490 498 513 502 493 504 492 524 503
"849" 481 485 515 496 496 506 498 501 499 479 492 493 511 497 510 496 511 505 491 506
"850" 500 495 493 487 497 513 515 495 497 494 510 488 491 510 506 499 509 490 501 509
"851" 494 512 513 491 500 522 487 513 494 492 495 492 506 489 516 500 479 484 524 499
"852" 498 497 512 503 495 509 499 496 501 490 500 487 496 510 504 495 490 485 515 496
"853" 484 506 517 492 496 501 498 510 503 498 522 481 505 512 509 498 494 490 485 493
"854" 485 499 505 496 484 497 496 518 489 491 499 494 507 506 501 487 505 486 519 511
"855" 467 482 509 490 495 503 505 511 506 480 518 481 499 489 518 492 486 488 497 505
"856" 496 505 503 520 501 512 505 503 499 490 494 495 506 500 503 491 509 499 512 503
"857" 484 491 521 512 502 513 493 503 497 489 482 491 502 511 498 497 498 502 494 485
"858" 500 491 516 488 504 514 509 513 501 489 497 503 502 496 505 500 511 497 517 504
"859" 486 503 505 492 501 493 494 509 512 504 490 479 500 496 490 510 509 489 525 498
"860" 493 494 503 499 524 501 493 495 498 491 489 487 508 502 501 495 496 495 516 508
"861" 491 513 515 493 487 506 510 508 509 491 501 503 504 490 513 502 490 499 491 484
"862" 482 498 502 520 486 506 525 507 494 511 486 516 491 490 493 500 485 496 514 499
"863" 484 491 518 499 490 511 515 502 500 506 494 500 485 490 500 498 475 510 501 502
"864" 488 485 510 473 502 505 510 496 503 502 495 479 502 499 495 486 495 503 516 483
"865" 490 507 494 488 506 504 498 514 486 490 495 495 506 502 504 502 494 516 517 498
"866" 492 509 508 509 500 499 512 505 515 499 490 490 502 504 499 515 482 504 512 486
"867" 496 497 526 503 494 519 511 510 504 505 479 500 501 494 498 485 488 505 518 501
"868" 493 508 501 499 498 512 504 516 512 489 498 492 495 506 515 483 503 503 509 482
"869" 488 499 492 490 490 520 481 493 493 498 512 491 500 491 494 504 486 502 519 493
"870" 488 501 513 491 501 517 500 497 507 507 485 482 502 500 496 505 500 496 497 504
"871" 493 492 498 492 492 502 503 498 504 509 495 480 509 496 515 507 482 501 526 503
"872" 487 496 505 500 500 516 494 510 503 470 503 495 515 488 499 503 499 488 498 510
"873" 487 488 512 492 505 507 494 505 495 491 503 496 499 492 513 517 494 501 504 495
"874" 501 477 521 496 495 499 508 484 492 474 494 493 501 493 502 496 505 498 499 511
"875" 482 494 510 474 496 509 504 513 492 489 515 491 498 485 510 502 504 499 529 496
"876" 508 504 519 502 505 511 519 511 514 487 488 485 510 508 503 513 494 498 511 499
"877" 500 506 510 504 495 505 490 509 509 477 506 493 505 492 496 504 483 491 527 500
"878" 490 507 523 471 501 507 496 501 502 500 505 494 506 505 504 507 483 492 499 497
"879" 505 505 505 497 495 514 505 493 498 501 494 496 503 498 508 503 498 494 509 509
"880" 494 509 510 519 489 507 494 518 509 484 498 498 507 515 511 509 491 489 520 485
"881" 483 498 515 501 488 512 477 505 489 492 491 505 500 496 505 514 472 492 506 506
"882" 485 481 516 496 503 518 484 501 503 500 490 500 501 514 501 502 504 490 485 493
"883" 494 488 508 506 494 509 513 509 506 500 508 503 492 496 505 503 506 501 511 490
"884" 497 483 505 485 497 508 504 511 512 502 499 510 505 517 498 508 481 483 512 507
"885" 503 485 516 490 497 515 495 511 506 496 487 488 503 506 498 491 480 492 494 504
"886" 501 493 498 512 504 508 500 506 496 509 503 484 495 505 498 502 489 491 515 484
"887" 502 501 516 487 496 504 498 500 500 478 513 483 493 497 507 506 501 486 495 493
"888" 492 496 507 483 500 518 510 503 502 492 512 487 503 495 503 496 494 487 491 498
"889" 492 496 505 499 490 501 493 501 492 494 496 505 501 495 493 500 522 503 514 500
"890" 503 500 502 507 501 511 508 499 501 493 494 497 497 494 494 490 488 511 500 499
"891" 497 499 526 499 493 513 493 504 502 489 489 497 511 496 498 502 485 492 533 501
"892" 494 509 505 480 504 514 491 501 509 475 510 496 491 510 488 494 484 503 522 496
"893" 480 503 498 498 486 515 504 513 505 493 513 497 505 483 511 496 494 503 509 485
"894" 487 499 512 513 496 503 508 501 503 482 475 498 497 494 491 504 494 495 514 505
"895" 502 494 521 491 489 516 485 514 499 492 489 499 504 505 500 499 503 513 513 502
"896" 487 487 504 489 498 500 489 508 513 492 511 492 507 504 496 494 491 490 520 483
"897" 498 512 511 499 489 508 489 500 506 486 493 498 502 500 493 498 494 491 508 499
"898" 480 494 510 488 491 512 505 497 504 500 501 495 498 488 497 505 494 486 522 492
"899" 494 504 517 505 501 517 507 502 514 485 496 502 493 490 496 489 484 501 499 493
"900" 482 498 504 527 502 506 491 509 498 508 490 481 501 514 508 507 499 496 514 509
"901" 493 510 508 485 509 494 502 513 503 501 499 494 506 509 497 496 490 491 490 507
"902" 502 505 509 508 491 515 494 506 483 501 493 499 496 511 503 497 481 491 516 508
"903" 490 505 510 491 497 525 499 504 501 481 499 501 491 490 488 506 520 506 508 496
"904" 494 497 509 491 501 508 497 509 501 491 505 492 512 491 519 491 481 498 508 493
"905" 492 495 488 520 509 498 507 520 510 502 506 495 498 497 500 491 494 481 532 492
"906" 482 507 514 486 486 517 502 510 497 489 507 481 507 499 499 495 499 500 493 508
"907" 486 501 521 502 497 514 519 498 505 484 492 497 495 490 494 507 481 487 524 506
"908" 490 505 505 489 488 509 500 515 498 485 494 503 504 491 510 522 486 507 496 498
"909" 496 515 499 532 501 518 493 517 500 508 504 485 496 496 526 508 498 492 518 497
"910" 494 497 512 491 499 506 506 505 496 477 491 482 514 524 499 497 488 496 486 488
"911" 496 508 512 518 500 512 495 496 504 489 504 496 500 502 509 516 504 505 508 505
"912" 486 497 504 479 501 506 507 514 498 491 510 485 497 501 491 496 491 492 514 495
"913" 485 489 498 515 507 507 515 492 505 486 484 487 500 490 509 495 516 488 516 493
"914" 480 489 493 512 501 513 500 510 507 493 500 481 496 484 493 499 484 501 497 480
"915" 503 492 496 523 509 507 505 501 506 497 507 486 503 499 495 492 491 502 507 494
"916" 491 505 527 501 493 510 515 508 513 500 512 488 509 491 507 502 483 508 517 492
"917" 509 503 506 492 494 501 510 511 498 476 505 485 493 500 500 500 482 499 527 506
"918" 499 495 508 497 489 492 496 496 482 480 511 503 507 494 509 508 488 500 531 484
"919" 495 495 509 510 497 512 505 504 512 493 505 509 485 518 501 490 506 487 514 497
"920" 494 502 497 516 484 510 514 502 500 496 483 495 500 499 494 513 512 493 519 498
"921" 500 505 521 502 490 499 497 507 517 509 513 488 492 500 492 500 493 512 518 495
"922" 502 496 521 482 480 517 498 513 501 492 492 493 511 493 489 504 496 498 486 499
"923" 483 503 510 471 493 518 492 519 498 499 494 497 500 500 492 508 512 495 520 497
"924" 491 493 513 490 489 513 505 491 500 491 502 494 508 501 504 494 486 498 509 503
"925" 496 476 499 517 496 504 509 494 511 499 493 486 506 510 494 499 487 495 520 506
"926" 490 496 515 516 484 516 490 508 512 492 502 503 514 489 487 492 492 487 512 497
"927" 487 493 490 489 496 502 510 519 495 491 517 501 507 500 502 503 504 503 492 497
"928" 495 495 504 492 483 505 509 500 497 507 511 499 495 502 509 496 494 496 518 506
"929" 492 503 504 506 486 516 497 505 508 480 488 488 493 499 499 496 495 488 495 486
"930" 506 493 514 483 496 511 490 511 490 477 515 500 507 509 505 502 513 498 509 494
"931" 486 499 519 501 488 504 523 497 494 490 498 493 502 514 489 499 492 499 522 508
"932" 496 496 509 488 499 513 517 510 497 493 509 491 504 494 514 498 480 507 490 488
"933" 491 496 499 513 487 504 500 500 505 494 501 501 492 503 491 518 484 498 527 496
"934" 491 493 493 503 497 501 515 511 511 508 514 495 481 505 501 499 497 516 498 487
"935" 499 504 503 488 499 519 484 506 502 507 511 492 512 496 501 488 486 491 493 489
"936" 498 500 500 520 492 493 490 512 513 505 499 492 507 507 502 489 507 503 515 490
"937" 488 488 496 490 487 509 506 516 496 504 488 489 496 501 491 506 490 504 516 504
"938" 492 498 512 492 492 496 497 507 502 494 498 504 493 498 497 491 498 500 513 488
"939" 483 520 520 478 493 508 490 496 506 503 494 496 505 489 502 505 479 492 527 499
"940" 485 492 510 504 491 516 495 503 507 485 509 494 501 506 513 493 514 495 494 493
"941" 504 498 508 488 494 513 505 500 492 495 503 496 494 497 509 505 501 488 534 483
"942" 496 489 504 497 493 508 501 511 510 493 518 491 506 489 501 506 500 484 478 497
"943" 492 494 501 502 502 512 491 509 497 484 514 507 505 485 503 485 509 497 514 495
"944" 488 495 505 483 494 510 503 497 499 489 522 505 485 507 501 494 486 501 495 516
"945" 479 498 506 496 489 514 509 495 498 496 514 483 489 510 507 497 498 481 485 503
"946" 479 492 517 522 503 515 524 498 509 506 512 494 499 518 505 516 494 484 482 481
"947" 500 495 511 502 502 487 494 500 511 487 511 498 483 509 508 496 504 487 512 508
"948" 495 494 503 492 506 508 507 517 484 493 504 492 505 502 503 508 511 500 498 508
"949" 493 491 528 503 486 486 511 503 508 497 506 506 492 480 503 502 503 488 510 490
"950" 488 491 507 490 499 502 501 511 494 495 512 489 502 497 491 493 508 483 501 489
"951" 498 503 501 490 481 486 503 492 506 495 488 490 503 492 503 482 501 503 516 505
"952" 486 490 512 496 501 512 483 511 501 503 494 482 501 499 514 501 498 493 494 487
"953" 494 487 507 495 492 503 504 506 504 489 506 492 500 512 488 504 492 490 531 491
"954" 506 500 511 486 494 492 481 501 496 486 526 493 509 524 513 507 498 505 505 510
"955" 494 491 521 494 503 506 521 511 486 503 507 487 501 493 513 497 505 498 524 486
"956" 504 503 505 486 486 517 516 501 497 494 501 500 496 512 505 499 492 501 507 504
"957" 483 494 503 496 496 510 497 498 494 496 496 492 510 503 498 511 487 491 517 503
"958" 480 516 515 516 507 499 511 514 493 487 502 481 508 504 494 488 478 485 519 492
"959" 496 500 502 510 507 521 502 504 500 503 510 485 496 501 505 490 509 490 512 494
"960" 489 499 520 512 502 504 511 504 510 495 507 497 501 503 505 493 501 504 516 491
"961" 496 503 528 489 507 508 492 512 499 499 507 499 498 497 498 495 503 483 523 493
"962" 493 515 516 507 500 500 506 518 500 508 501 492 490 488 490 501 490 506 525 502
"963" 504 501 508 491 499 504 516 507 499 501 493 491 488 497 522 500 498 498 511 496
"964" 490 500 515 507 489 526 499 502 488 498 485 496 501 490 484 501 494 486 518 497
"965" 498 504 510 501 490 503 502 502 498 482 511 496 491 489 502 491 503 504 518 513
"966" 508 501 517 489 488 501 500 508 495 480 505 499 489 502 497 503 496 498 496 497
"967" 504 512 515 497 498 512 498 496 505 496 477 488 496 505 515 498 475 497 519 503
"968" 482 496 509 497 498 521 499 500 494 489 505 485 508 498 526 497 503 498 504 487
"969" 489 515 531 499 503 511 514 509 491 486 497 503 497 484 501 519 490 495 482 502
"970" 500 497 519 497 497 513 496 506 499 500 500 491 503 512 495 491 500 507 497 495
"971" 495 510 515 487 495 518 494 502 508 500 489 500 483 514 486 513 484 514 494 500
"972" 483 501 505 486 500 510 517 507 508 509 493 483 500 502 505 512 499 514 505 507
"973" 487 501 521 487 502 521 489 505 498 479 502 501 494 493 495 500 523 494 495 505
"974" 487 497 505 492 483 507 500 499 502 491 502 495 496 497 505 510 487 499 488 495
"975" 494 494 501 479 499 509 498 495 504 478 505 492 506 516 492 497 501 497 513 507
"976" 487 513 502 486 499 509 507 497 485 494 487 506 498 510 503 510 488 497 511 502
"977" 486 493 519 493 506 514 501 509 499 481 492 504 498 500 501 502 493 496 523 497
"978" 478 488 502 494 492 514 499 507 499 514 502 491 516 490 513 496 492 499 528 485
"979" 496 501 511 487 493 524 488 515 502 493 498 485 485 501 493 504 500 492 513 485
"980" 505 507 512 488 497 515 500 504 497 509 509 506 488 500 500 510 487 493 493 504
"981" 499 495 509 522 498 510 512 512 512 484 520 495 504 498 506 498 486 490 518 496
"982" 481 511 501 478 503 514 490 511 502 508 508 487 510 496 500 503 498 504 488 496
"983" 479 508 502 477 501 516 499 506 506 503 504 483 492 495 500 507 506 492 506 485
"984" 483 491 521 516 503 506 504 496 498 499 493 495 505 509 507 494 487 484 512 502
"985" 486 504 496 497 489 518 499 506 516 481 507 487 492 523 503 503 496 489 520 506
"986" 500 506 504 494 489 497 498 512 504 507 489 496 489 497 494 512 482 517 519 497
"987" 485 505 501 493 492 518 504 509 500 497 478 497 501 489 499 492 508 489 522 492
"988" 481 509 500 478 504 519 493 509 498 503 508 482 505 497 503 499 489 493 514 492
"989" 480 487 513 505 505 510 500 524 496 483 497 492 503 499 498 508 487 492 506 506
"990" 496 501 497 484 502 516 488 504 495 510 505 491 519 499 506 509 494 503 524 494
"991" 495 500 507 493 492 498 498 500 512 500 493 494 493 482 512 514 503 487 516 502
"992" 480 499 504 496 491 512 504 498 498 497 513 478 488 488 525 507 485 492 509 500
"993" 493 510 506 519 499 504 493 500 504 509 507 499 501 498 493 497 513 508 513 485
"994" 487 504 512 496 490 500 503 514 513 499 505 484 500 490 504 494 482 502 525 505
"995" 481 507 483 484 494 504 503 507 500 498 497 492 505 488 500 508 488 508 485 509
"996" 492 493 505 516 502 518 502 503 496 495 501 496 509 502 498 512 493 493 523 502
"997" 496 492 525 520 502 515 488 521 503 495 515 499 501 497 494 511 485 509 495 493
"998" 497 504 503 489 497 506 507 489 503 502 492 495 498 494 490 506 496 492 512 498
"999" 505 490 505 484 507 503 517 494 503 490 502 487 499 492 507 509 523 495 508 500
"1000" 490 492 511 487 488 515 516 516 504 510 487 507 505 498 506 499 504 492 537 498
