"1" "2" "3" "4" "5" "6" "7" "8" "9" "10" "11" "12" "13" "14" "15" "16" "17" "18" "19" "20"
"1" 503 506 511 506 514 505 491 514 513 480 485 483 511 497 506 502 488 499 508 509
"2" 494 502 500 505 497 501 519 509 494 489 512 489 517 470 507 503 478 501 509 496
"3" 489 494 485 487 501 501 513 491 500 494 513 508 500 509 506 489 507 506 502 501
"4" 496 485 490 489 506 511 503 517 481 501 500 504 504 494 504 499 517 509 497 490
"5" 500 496 507 487 490 511 498 488 499 497 489 494 497 497 519 498 504 495 511 498
"6" 482 502 503 484 491 489 516 508 511 489 504 501 511 497 494 502 505 506 487 510
"7" 495 497 495 513 507 501 502 505 490 485 509 503 495 503 502 513 506 502 490 516
"8" 511 496 500 489 495 507 507 485 505 501 498 496 494 500 496 499 504 500 508 496
"9" 498 503 494 504 490 519 489 507 499 490 499 503 505 505 493 494 503 484 503 495
"10" 497 493 489 501 519 490 504 496 511 496 503 495 486 502 497 489 493 496 503 495
"11" 510 490 498 509 478 499 489 492 509 518 493 509 497 492 482 513 508 505 506 477
"12" 502 506 501 499 501 496 499 490 479 494 504 486 510 506 480 487 498 496 502 506
"13" 509 500 494 491 501 493 495 514 512 522 503 493 496 494 516 499 511 487 500 513
"14" 505 497 499 504 517 501 484 484 501 479 497 509 497 502 501 500 503 475 490 508
"15" 497 501 499 487 529 495 486 490 507 489 509 498 479 493 511 480 485 512 499 505
"16" 495 520 483 505 496 499 493 493 505 501 498 503 483 498 500 512 508 499 495 522
"17" 509 501 511 494 501 508 488 489 502 496 520 511 496 495 499 513 506 517 481 501
"18" 503 505 499 500 489 505 507 516 503 493 510 498 499 488 515 515 484 496 500 502
"19" 493 512 482 500 514 518 492 504 490 515 503 494 496 498 494 500 498 496 501 494
"20" 505 501 495 506 487 494 485 499 499 498 499 496 489 497 516 500 497 496 508 506
"21" 503 496 481 504 494 520 493 497 497 503 509 502 500 503 490 505 505 504 520 483
"22" 489 505 499 509 510 514 500 488 503 499 481 499 512 501 502 497 498 497 487 490
"23" 496 510 501 486 478 501 498 509 514 497 496 508 506 495 488 488 488 492 507 514
"24" 516 495 506 505 486 489 503 518 493 494 496 495 521 511 494 508 503 490 497 487
"25" 503 490 502 502 495 490 504 512 491 478 487 504 505 520 496 493 502 512 514 512
"26" 481 528 489 497 496 495 510 508 486 489 505 506 495 516 492 504 504 504 494 500
"27" 509 471 498 492 514 515 501 514 496 515 517 511 499 516 496 507 504 493 480 499
"28" 503 507 504 487 489 494 489 509 506 500 484 501 506 509 493 500 480 508 504 511
"29" 510 513 506 490 488 506 495 495 505 500 491 504 499 509 504 487 494 510 502 499
"30" 491 499 494 491 507 507 508 506 510 501 475 485 499 508 503 493 510 493 496 489
"31" 499 498 510 487 507 493 496 493 485 491 504 487 502 494 499 503 481 504 503 503
"32" 491 515 495 500 512 496 500 507 495 499 507 502 509 489 483 496 504 500 495 494
"33" 506 502 513 487 488 487 504 500 511 497 507 512 500 515 494 483 496 510 497 502
"34" 497 503 507 498 507 503 487 496 499 493 497 505 479 505 496 511 514 513 512 504
"35" 532 490 509 494 517 485 491 499 503 497 487 512 487 513 503 502 513 497 512 504
"36" 498 496 505 487 496 507 508 493 485 483 494 505 510 505 502 497 500 487 496 507
"37" 485 516 498 491 509 511 507 500 518 503 506 502 507 510 501 510 493 480 515 497
"38" 487 505 498 495 517 495 501 494 494 512 518 482 510 508 512 499 503 497 500 495
"39" 512 512 497 506 504 510 498 509 495 502 499 496 498 497 497 496 496 506 495 492
"40" 490 491 513 492 512 484 508 488 485 499 500 513 506 506 517 514 484 515 494 498
"41" 501 506 497 507 511 502 507 501 506 512 510 486 501 496 502 502 501 495 495 502
"42" 515 500 503 503 491 498 502 510 479 493 494 494 513 492 491 492 492 507 511 502
"43" 503 497 505 492 489 496 496 515 497 485 483 501 499 489 502 494 506 482 499 519
"44" 491 497 489 490 500 506 491 509 512 495 492 492 500 501 490 500 496 513 482 493
"45" 512 505 505 501 505 500 495 500 492 496 498 502 507 492 507 517 491 502 491 493
"46" 489 491 515 494 496 493 498 500 492 504 505 512 489 504 506 506 502 509 507 499
"47" 520 503 509 492 490 503 516 503 487 510 496 501 506 504 501 508 505 482 489 503
"48" 507 516 497 496 495 502 501 494 502 505 516 518 492 499 504 507 523 500 506 504
"49" 505 492 516 510 502 489 499 496 505 489 505 496 499 505 496 493 509 521 490 516
"50" 496 502 494 534 513 489 494 519 496 496 492 507 513 510 499 497 518 485 510 488
"51" 502 491 485 505 496 488 489 495 488 505 481 490 505 507 506 497 506 496 500 503
"52" 502 503 500 502 519 478 515 495 503 497 502 491 486 498 508 503 493 497 503 489
"53" 500 495 498 496 503 516 494 501 491 488 497 511 511 504 499 514 497 514 499 532
"54" 501 498 514 509 487 501 488 502 508 502 516 497 497 499 520 500 478 499 497 472
"55" 510 505 495 519 485 506 508 507 495 505 505 504 501 518 511 498 497 491 493 497
"56" 506 496 489 507 485 507 507 516 509 500 495 490 488 501 496 508 490 503 495 484
"57" 503 501 497 500 506 474 495 500 497 498 497 512 493 496 491 491 492 516 488 505
"58" 509 508 503 500 507 492 515 515 485 494 522 503 507 507 507 495 515 509 500 510
"59" 517 499 487 507 501 496 498 522 481 502 496 492 506 509 497 490 492 503 503 496
"60" 494 507 507 501 499 496 511 504 507 504 494 515 504 491 498 491 483 498 504 489
"61" 510 508 499 504 496 497 509 491 517 495 479 501 511 504 501 489 485 497 483 494
"62" 518 494 508 488 502 502 504 500 507 520 511 488 496 522 498 508 498 500 474 495
"63" 489 496 509 498 491 490 503 493 506 495 491 498 502 507 510 497 501 483 501 491
"64" 516 508 490 488 494 481 492 492 503 507 494 502 518 499 501 503 494 486 492 508
"65" 487 490 507 505 491 491 519 499 481 509 499 499 502 488 493 492 502 495 504 487
"66" 509 500 505 501 492 504 503 494 501 512 496 502 505 509 505 502 501 502 495 513
"67" 486 496 500 506 484 514 503 494 493 507 512 512 498 503 485 489 498 512 503 504
"68" 501 503 500 488 510 513 490 499 504 511 492 495 499 509 512 512 501 500 494 497
"69" 500 496 495 492 498 491 495 488 502 492 501 494 486 503 497 492 492 490 500 510
"70" 496 499 491 513 495 494 478 510 507 510 504 495 502 489 508 507 520 508 510 507
"71" 510 497 487 493 498 499 505 489 493 498 517 489 494 507 496 505 490 514 500 495
"72" 492 506 508 513 516 505 505 495 500 493 481 504 498 507 497 506 484 490 500 489
"73" 504 506 506 504 495 508 508 515 507 503 497 507 486 506 506 497 518 494 512 499
"74" 499 512 486 501 491 490 499 491 513 490 494 500 504 506 481 502 508 498 511 493
"75" 509 488 491 499 500 502 511 503 488 504 505 501 499 506 501 505 500 492 496 501
"76" 501 500 496 507 485 501 512 499 499 491 502 511 503 491 516 501 522 497 495 486
"77" 477 493 509 498 515 482 490 511 505 494 494 495 519 496 511 500 492 510 506 496
"78" 497 492 499 491 505 508 502 496 507 500 505 501 511 500 507 497 511 500 495 511
"79" 499 509 511 487 513 502 517 495 515 508 504 498 483 504 511 505 496 508 490 501
"80" 504 496 502 506 485 503 506 488 487 504 505 504 503 507 504 511 485 517 513 491
"81" 486 508 501 498 495 503 492 489 492 512 500 492 496 495 512 504 502 488 490 511
"82" 495 511 509 498 489 504 506 507 499 490 503 502 499 500 501 489 505 491 501 497
"83" 501 498 511 507 501 499 498 506 504 493 505 500 508 496 493 505 496 500 512 498
"84" 521 509 489 491 499 501 507 503 506 507 483 504 499 502 495 503 517 489 498 508
"85" 504 511 498 502 484 502 489 488 509 508 502 501 499 509 506 503 497 484 501 497
"86" 496 505 493 495 500 505 501 491 478 486 494 496 496 506 484 503 494 513 499 498
"87" 499 495 515 498 486 490 510 499 500 486 504 504 513 500 500 494 488 506 514 512
"88" 508 488 502 506 511 499 511 505 489 505 501 520 499 528 501 497 489 489 497 494
"89" 508 501 497 505 493 489 500 490 490 512 505 480 507 481 507 500 509 505 494 490
"90" 492 493 496 500 476 487 517 494 501 496 490 495 502 498 501 499 515 519 484 511
"91" 504 512 496 497 497 507 495 498 504 512 511 498 509 498 489 488 493 500 511 498
"92" 496 498 500 487 503 514 486 504 492 501 497 491 502 499 517 496 502 490 501 503
"93" 485 503 490 500 495 504 501 492 503 502 493 508 499 498 495 493 497 499 512 504
"94" 506 503 487 491 511 499 485 513 496 515 502 500 498 521 514 511 501 491 491 497
"95" 492 509 491 491 505 485 513 488 504 507 495 508 504 485 501 483 492 492 497 484
"96" 516 477 501 502 490 503 495 507 499 496 499 511 510 501 493 495 500 503 486 502
"97" 510 492 496 521 491 501 510 503 491 504 504 512 485 500 503 501 512 504 509 505
"98" 510 487 502 498 488 486 519 512 500 507 495 498 502 497 493 492 507 504 492 503
"99" 501 495 482 485 496 490 500 502 512 496 486 508 502 484 494 511 507 509 493 513
"100" 500 507 501 522 511 480 502 495 512 500 498 491 517 502 502 502 500 491 522 506
"101" 503 498 509 486 504 511 514 494 497 498 485 514 495 495 499 504 505 505 498 510
"102" 491 500 503 490 495 495 501 515 493 491 504 494 495 496 498 490 495 500 510 495
"103" 503 503 510 492 509 512 499 505 497 500 494 519 516 506 495 503 494 497 507 507
"104" 506 488 494 498 507 496 497 492 488 499 481 500 485 499 484 511 495 498 494 489
"105" 490 489 503 490 494 499 490 507 496 505 501 484 493 492 502 496 512 514 496 511
"106" 501 506 520 484 512 505 496 497 484 497 502 514 498 498 505 506 517 513 523 491
"107" 503 499 495 502 487 506 496 501 518 488 503 505 494 514 490 501 501 490 487 488
"108" 497 486 487 491 487 494 490 489 495 513 504 502 497 499 506 502 497 504 506 498
"109" 494 508 514 508 495 509 498 495 498 493 515 504 498 490 514 500 501 519 503 521
"110" 495 503 499 492 494 496 518 494 498 494 492 516 505 520 500 511 506 509 487 484
"111" 507 494 489 481 484 510 501 497 504 512 503 507 497 500 490 498 487 504 485 505
"112" 501 511 494 502 514 491 498 496 507 495 493 493 505 500 482 502 518 495 495 515
"113" 512 493 500 483 493 517 521 513 496 500 507 514 491 503 490 494 490 506 493 515
"114" 501 495 494 495 503 512 493 509 503 498 509 498 503 502 512 499 496 511 493 491
"115" 485 498 499 501 496 509 504 499 504 497 491 502 494 509 494 504 506 493 520 502
"116" 498 484 495 497 512 509 500 501 509 494 502 499 499 504 483 489 501 512 510 502
"117" 498 516 497 527 496 506 511 502 480 483 512 500 501 482 493 497 495 511 516 489
"118" 509 500 502 500 502 501 510 504 503 499 489 483 504 497 509 498 507 498 485 498
"119" 485 493 494 499 503 518 484 497 494 496 507 496 501 490 498 498 488 504 507 502
"120" 508 494 507 507 500 493 499 492 504 490 514 513 506 506 499 507 505 494 514 494
"121" 503 505 498 508 483 507 500 503 515 503 482 492 491 499 503 501 493 501 502 503
"122" 491 502 499 504 505 490 499 492 491 494 499 503 504 497 510 491 479 493 491 508
"123" 515 502 491 510 500 497 497 498 505 487 498 511 504 504 492 496 503 506 494 487
"124" 482 495 483 509 508 504 488 479 487 500 507 484 497 481 488 495 508 491 504 510
"125" 492 482 496 487 497 505 501 508 500 492 501 499 509 498 498 501 499 503 506 511
"126" 495 499 519 495 508 496 495 498 491 495 501 501 504 498 493 514 503 512 484 506
"127" 509 496 499 504 493 497 498 490 493 497 490 491 487 507 492 492 494 499 496 502
"128" 482 500 491 498 512 525 502 496 506 511 493 502 492 509 485 506 514 509 499 502
"129" 492 519 502 500 503 496 507 499 499 505 493 490 524 504 496 502 507 496 501 510
"130" 487 510 502 499 496 511 495 503 499 511 494 496 502 502 503 499 494 498 501 498
"131" 515 503 502 488 516 509 501 504 515 516 491 507 512 493 494 522 505 502 497 500
"132" 485 494 504 497 508 502 494 502 500 500 515 493 497 489 508 501 503 489 501 501
"133" 508 501 499 478 508 488 505 515 494 503 494 493 490 497 503 502 495 486 506 502
"134" 497 495 501 497 511 507 506 484 486 489 496 495 499 491 488 510 488 497 510 498
"135" 507 514 499 509 494 501 483 480 502 497 491 508 497 488 512 502 482 505 492 512
"136" 495 507 509 487 502 515 515 493 509 496 506 514 497 488 504 506 504 485 498 498
"137" 502 492 489 498 512 518 521 513 501 490 501 491 516 504 475 500 489 481 505 486
"138" 506 481 500 503 504 506 499 487 488 507 501 494 500 508 501 516 495 506 496 509
"139" 502 493 484 506 494 504 508 500 500 505 519 500 496 507 504 478 489 492 507 498
"140" 501 485 491 504 514 516 497 495 509 506 496 497 499 487 512 499 501 498 492 500
"141" 508 508 492 502 512 492 502 507 493 500 507 489 493 490 504 499 510 506 497 493
"142" 508 494 502 495 507 509 501 498 496 507 502 502 505 502 502 503 493 509 494 496
"143" 508 501 490 501 516 502 500 501 494 488 516 496 499 499 502 512 496 500 508 501
"144" 496 493 499 507 492 495 502 501 491 505 517 481 510 502 501 496 501 508 479 514
"145" 513 515 509 497 502 503 502 508 510 495 503 487 509 504 503 510 500 497 511 500
"146" 496 500 506 499 508 497 498 504 497 500 509 487 493 506 498 493 498 492 497 504
"147" 499 510 505 516 498 491 490 502 517 504 508 503 497 496 508 506 501 508 511 499
"148" 494 503 504 505 510 499 510 499 497 508 496 500 497 504 493 497 508 488 510 497
"149" 490 484 492 502 496 505 509 501 490 496 513 505 499 504 512 496 481 505 507 488
"150" 488 491 487 501 494 491 502 486 509 499 496 505 508 494 504 490 493 489 501 502
"151" 508 508 499 518 509 513 503 510 480 500 494 505 512 510 505 503 509 482 510 494
"152" 493 495 494 499 498 498 502 517 496 495 502 500 506 494 494 499 482 486 495 500
"153" 486 495 501 508 507 489 499 495 480 484 515 491 499 508 487 498 493 505 495 497
"154" 501 497 496 514 500 507 510 498 507 498 495 508 476 502 504 496 491 501 496 496
"155" 497 511 510 507 513 491 505 516 492 502 497 487 522 493 507 493 504 506 493 501
"156" 489 490 486 493 492 508 494 499 502 503 493 496 496 506 488 500 505 501 497 485
"157" 498 488 504 516 511 501 491 507 472 517 505 495 503 495 486 499 511 513 505 517
"158" 506 512 504 509 503 495 513 501 487 498 494 493 506 485 511 497 516 487 490 499
"159" 517 508 487 476 508 502 500 494 497 495 513 494 488 490 487 501 498 488 503 497
"160" 507 514 490 505 501 507 519 521 515 507 510 497 511 494 505 486 515 509 503 473
"161" 506 505 497 503 492 502 508 498 524 498 489 513 510 496 492 513 508 510 495 489
"162" 496 493 509 504 495 497 486 502 488 492 508 500 509 493 492 502 501 508 502 485
"163" 497 508 504 481 505 492 498 502 514 498 495 484 494 487 502 510 501 499 514 506
"164" 497 502 515 494 497 498 498 491 498 491 488 504 489 506 509 489 502 507 500 503
"165" 512 484 498 493 488 518 527 501 495 516 506 509 511 507 495 503 501 503 507 504
"166" 516 492 511 490 496 509 515 498 501 512 490 496 496 520 481 518 513 489 500 488
"167" 486 502 502 495 506 491 489 495 492 519 504 483 502 505 493 501 494 502 494 503
"168" 489 502 497 509 501 501 502 489 502 511 493 506 508 498 500 497 495 489 507 522
"169" 501 497 515 504 516 509 493 500 503 493 496 487 509 505 507 514 498 501 491 496
"170" 505 496 483 485 517 483 494 501 492 514 524 492 486 492 508 494 494 506 498 497
"171" 501 499 483 515 505 486 502 490 502 497 521 488 496 490 510 506 505 491 516 505
"172" 494 493 505 486 505 495 503 501 486 512 503 493 490 488 515 493 511 511 501 522
"173" 501 494 506 509 501 483 489 483 501 493 500 495 511 502 516 483 506 490 489 496
"174" 500 482 513 499 514 514 512 510 502 500 499 504 507 505 490 503 504 485 512 512
"175" 503 485 498 512 512 513 505 500 492 495 508 487 492 487 504 491 520 498 495 503
"176" 486 504 505 502 517 475 499 505 504 494 519 488 504 495 499 509 512 489 498 494
"177" 500 502 516 504 497 511 498 496 504 504 504 499 495 493 486 506 487 494 500 498
"178" 493 502 507 494 499 504 492 483 512 499 511 506 501 490 494 497 511 508 513 502
"179" 499 512 506 513 498 486 504 490 513 511 490 500 496 484 492 520 490 506 508 496
"180" 511 489 498 508 504 509 506 511 510 500 504 502 484 503 501 518 490 498 500 512
"181" 488 500 502 507 509 491 504 508 500 506 513 503 495 496 511 494 500 518 499 493
"182" 503 505 495 489 503 516 496 511 502 491 509 519 497 504 485 486 520 500 501 500
"183" 491 511 516 497 502 501 508 495 500 499 485 508 519 493 503 495 482 490 501 512
"184" 496 507 490 492 507 501 486 492 494 488 491 499 505 489 487 510 510 495 504 491
"185" 505 503 494 508 496 489 510 492 497 498 489 501 504 488 510 487 512 514 505 532
"186" 521 516 486 500 504 488 504 488 510 500 476 492 511 506 516 505 497 494 490 504
"187" 519 502 501 496 506 510 513 501 493 505 503 502 497 506 516 487 499 498 500 521
"188" 500 493 495 509 506 486 498 513 515 492 496 491 502 501 488 513 502 484 497 496
"189" 486 497 491 499 510 499 503 483 507 486 487 505 498 506 501 490 488 500 523 501
"190" 497 507 509 499 508 492 515 501 497 498 497 505 504 500 482 505 489 498 513 501
"191" 495 492 496 494 499 495 487 495 490 510 495 510 502 507 504 504 491 490 499 487
"192" 504 516 513 502 499 503 508 505 494 492 505 515 487 512 509 494 486 501 512 503
"193" 517 496 496 489 505 498 506 495 498 503 508 491 490 499 495 508 505 493 494 487
"194" 512 488 495 489 485 499 500 482 501 506 491 502 522 482 490 519 504 485 515 502
"195" 504 514 498 505 498 504 517 474 500 518 506 519 504 512 474 503 499 504 501 501
"196" 510 477 518 494 512 513 485 486 510 497 500 496 508 492 505 491 503 495 498 494
"197" 493 514 504 512 504 496 476 497 497 506 494 511 496 490 508 499 497 508 491 491
"198" 492 496 509 498 504 492 510 487 520 497 494 510 504 521 511 505 496 495 518 502
"199" 517 493 496 503 505 489 503 502 496 503 502 495 512 503 511 513 500 507 494 505
"200" 518 508 520 507 505 498 497 507 506 498 496 506 504 503 511 507 493 494 502 510
"201" 495 502 486 490 499 492 505 514 492 504 507 484 512 500 496 508 501 493 501 497
"202" 480 514 508 521 490 491 496 508 498 493 491 509 509 510 495 511 517 513 501 504
"203" 491 496 492 509 500 500 511 500 491 499 501 499 493 509 518 508 509 518 493 492
"204" 490 512 501 495 499 505 491 497 483 506 497 516 474 500 508 495 511 502 510 509
"205" 502 500 505 504 493 505 496 510 494 490 501 499 523 513 486 498 507 502 510 493
"206" 497 497 497 498 492 492 503 493 489 498 493 498 510 509 505 494 501 507 504 503
"207" 486 480 506 502 509 489 492 513 505 494 504 495 493 512 487 485 486 508 494 486
"208" 511 496 504 502 498 502 507 511 506 499 490 495 503 496 484 490 504 509 482 504
"209" 506 507 500 501 518 506 497 505 521 498 479 514 489 486 509 504 501 488 501 492
"210" 496 493 500 492 507 501 500 493 488 492 502 502 509 490 486 502 485 496 501 480
"211" 481 485 504 494 487 495 503 510 506 486 488 499 508 504 510 503 513 492 489 487
"212" 509 489 502 504 497 482 495 489 507 500 506 524 503 490 515 473 498 501 508 509
"213" 506 492 496 529 489 503 498 508 490 499 503 508 500 511 489 504 496 502 494 495
"214" 517 484 501 498 505 503 489 503 505 509 507 519 505 520 484 511 503 508 493 510
"215" 496 499 512 492 486 516 499 502 476 496 509 500 510 507 493 491 509 491 503 510
"216" 488 515 515 504 503 492 500 492 498 501 494 492 513 493 485 493 501 498 511 491
"217" 499 487 490 520 496 519 505 497 495 491 518 521 494 492 505 478 505 498 502 501
"218" 492 497 488 499 497 493 480 498 489 495 510 511 497 495 488 490 495 499 507 485
"219" 493 493 496 482 499 492 501 507 506 497 494 492 503 506 502 500 492 495 502 501
"220" 511 511 492 503 508 481 496 493 500 489 493 501 492 488 507 495 505 496 506 485
"221" 494 506 505 502 510 516 506 501 483 507 491 512 498 497 519 516 490 490 505 504
"222" 502 507 497 502 513 497 495 485 499 502 506 508 515 515 507 510 502 501 501 504
"223" 510 495 503 513 490 517 507 507 497 499 492 502 512 481 510 495 503 493 488 485
"224" 488 517 492 512 511 508 496 493 495 493 507 500 507 510 497 496 501 509 515 491
"225" 496 504 503 492 506 521 508 494 511 485 504 510 492 492 496 492 502 477 505 489
"226" 502 504 494 492 492 501 497 496 491 508 510 511 507 498 497 499 486 481 521 504
"227" 495 496 502 492 481 501 516 493 495 503 492 494 507 488 496 495 494 512 497 512
"228" 501 519 503 504 513 497 501 504 511 501 502 499 508 492 498 516 502 516 504 503
"229" 488 488 493 508 503 500 496 505 509 493 501 504 498 501 496 511 507 493 502 504
"230" 496 510 485 519 497 495 506 487 493 494 488 499 506 494 517 519 500 502 489 487
"231" 512 486 497 500 484 499 491 520 509 501 493 502 491 499 493 501 499 513 505 490
"232" 497 482 487 505 506 512 497 496 516 481 498 506 482 513 511 512 490 487 499 515
"233" 519 501 501 500 515 527 511 502 486 483 504 510 511 505 503 528 509 494 498 505
"234" 496 496 506 491 497 503 477 488 500 477 491 504 497 496 495 501 488 494 494 508
"235" 494 512 503 499 507 495 490 501 500 493 509 512 503 504 486 503 490 497 514 496
"236" 494 481 502 493 499 503 491 501 497 505 498 495 504 515 506 493 506 487 485 497
"237" 490 489 486 509 490 500 504 501 498 499 498 522 500 487 503 484 495 503 486 504
"238" 516 488 495 491 499 499 501 500 483 511 506 486 496 509 486 485 486 499 500 517
"239" 513 496 512 499 503 495 506 491 503 507 483 509 504 509 492 496 516 489 504 519
"240" 506 501 494 491 509 507 498 509 508 507 506 510 506 499 511 505 495 501 510 508
"241" 516 496 481 506 485 497 522 496 497 493 487 507 514 498 505 512 500 500 491 480
"242" 512 493 495 504 494 513 513 501 508 506 497 497 497 495 500 515 503 508 511 504
"243" 505 490 492 489 520 516 480 503 503 506 505 509 494 502 506 509 502 490 504 510
"244" 492 504 503 508 503 499 494 505 503 495 487 496 499 518 517 493 506 509 503 493
"245" 501 504 490 511 502 504 514 499 500 515 482 495 482 499 502 498 504 507 507 504
"246" 502 489 490 484 509 494 508 513 495 479 500 496 500 488 498 503 489 498 490 497
"247" 494 483 488 497 487 504 495 508 506 501 500 492 482 520 510 510 501 506 487 485
"248" 507 494 502 495 492 503 515 491 509 492 513 500 507 489 490 492 503 500 505 497
"249" 507 502 520 491 500 480 510 502 509 496 494 511 493 488 494 515 506 498 506 501
"250" 491 483 494 500 491 504 508 518 502 495 494 494 495 504 497 496 510 504 501 510
"251" 494 504 500 500 518 488 495 507 491 508 502 511 472 488 509 493 492 500 493 503
"252" 483 489 518 510 494 487 500 511 504 517 504 519 505 504 498 512 489 498 495 496
"253" 489 491 503 504 494 491 492 512 514 497 513 517 500 508 488 522 500 509 497 504
"254" 489 525 498 516 502 499 497 497 498 516 498 506 495 509 504 489 498 496 511 493
"255" 497 509 485 507 506 498 502 507 496 486 499 507 497 514 504 500 495 498 503 490
"256" 493 499 483 496 495 493 495 493 514 511 508 501 496 514 505 495 495 508 516 493
"257" 502 502 500 508 504 501 488 496 496 485 504 498 483 508 512 491 502 479 489 497
"258" 509 507 515 503 493 504 501 504 499 495 512 512 499 494 495 489 522 476 496 494
"259" 499 490 503 504 512 492 506 489 498 511 506 502 496 496 497 509 515 481 516 504
"260" 492 482 505 477 491 510 494 485 482 497 519 497 509 489 508 482 498 503 504 494
"261" 512 501 503 496 492 500 509 501 500 502 487 505 500 500 507 525 476 497 509 502
"262" 505 502 503 502 500 515 493 501 488 504 506 498 503 508 472 521 517 503 506 506
"263" 513 503 502 515 514 489 509 490 511 508 503 501 506 487 490 505 481 506 500 499
"264" 513 519 497 496 509 497 486 507 485 491 474 491 498 495 499 503 498 495 514 490
"265" 484 519 510 501 491 510 522 502 489 488 495 496 512 496 507 503 509 514 497 489
"266" 514 519 492 497 497 478 505 505 495 488 502 485 491 508 509 506 487 493 485 501
"267" 508 482 485 493 507 508 502 482 503 495 494 493 507 499 503 485 495 484 507 496
"268" 504 495 503 496 497 501 512 496 492 501 494 504 504 506 506 508 479 489 521 506
"269" 509 498 498 505 503 476 504 507 497 506 502 507 490 502 490 498 498 507 484 504
"270" 502 487 495 504 501 490 484 500 501 502 516 505 513 502 491 506 507 506 507 503
"271" 484 507 499 507 502 492 515 499 477 494 495 491 486 513 497 493 491 500 500 515
"272" 500 499 487 503 495 489 482 483 501 514 497 495 494 506 514 487 501 494 504 490
"273" 503 517 504 507 495 511 486 515 498 500 498 525 512 511 503 481 497 498 494 510
"274" 508 499 512 514 495 506 493 493 483 498 494 509 492 498 499 520 492 498 504 501
"275" 491 506 505 500 485 514 503 502 486 511 507 507 489 502 486 506 491 509 506 509
"276" 503 518 508 485 491 493 494 510 505 492 509 496 504 491 513 499 506 487 493 491
"277" 495 491 484 496 506 497 495 505 492 513 502 490 477 501 520 490 501 482 499 492
"278" 508 514 506 507 494 497 488 496 500 489 496 513 499 509 492 486 492 503 502 507
"279" 508 502 499 507 499 498 511 494 492 487 511 500 493 505 505 491 497 482 503 516
"280" 502 476 507 512 506 512 486 509 481 497 496 484 485 501 502 490 486 493 514 501
"281" 513 501 489 497 494 508 513 513 493 502 496 491 507 508 504 504 498 491 503 503
"282" 498 504 501 503 507 498 488 513 502 499 497 490 502 505 508 499 494 501 503 503
"283" 522 501 511 497 515 503 501 495 496 499 507 495 482 501 489 518 492 494 501 498
"284" 483 506 510 509 504 513 497 490 489 486 492 497 500 500 510 502 506 505 493 490
"285" 484 504 501 510 506 518 502 502 505 500 507 507 489 497 497 497 494 505 492 506
"286" 507 509 501 498 506 513 494 493 507 511 500 498 498 495 505 516 496 499 503 502
"287" 504 494 499 491 503 482 497 505 498 501 499 490 517 493 521 502 512 508 491 499
"288" 495 494 493 514 499 508 501 509 513 494 498 506 495 506 511 494 510 511 494 509
"289" 504 491 498 501 504 488 510 508 502 495 506 480 514 502 511 503 502 504 507 513
"290" 507 507 511 505 501 500 505 506 496 498 496 499 508 502 497 503 492 503 510 505
"291" 514 500 499 485 510 499 501 498 495 483 488 501 505 494 509 482 500 504 500 502
"292" 503 502 501 507 491 510 511 513 506 488 498 501 491 490 502 504 503 498 487 500
"293" 510 498 507 492 502 494 503 495 506 497 503 504 510 509 515 504 493 503 489 496
"294" 494 491 505 498 491 499 503 500 483 517 485 514 500 507 498 495 512 509 493 493
"295" 500 512 506 485 503 515 497 511 493 498 504 505 498 497 500 520 520 509 501 500
"296" 488 510 500 495 501 494 499 498 503 499 490 516 496 497 509 496 500 500 481 499
"297" 490 491 494 485 499 499 496 506 504 509 506 501 505 510 505 514 514 500 506 498
"298" 489 514 506 502 506 517 520 499 517 498 509 517 504 500 503 500 495 510 484 494
"299" 514 503 494 497 508 498 500 491 501 496 501 515 497 510 511 481 520 499 495 508
"300" 489 492 509 502 493 506 509 508 507 495 512 491 510 500 489 491 501 489 512 502
"301" 500 498 486 502 495 504 512 503 496 501 496 503 515 494 505 499 498 499 476 490
"302" 494 493 495 507 486 486 497 496 499 486 494 497 487 505 504 499 502 506 501 501
"303" 491 503 512 511 505 520 502 505 495 509 508 498 497 503 494 482 495 482 510 493
"304" 482 505 498 499 498 486 490 498 503 507 496 501 490 505 493 514 510 501 493 486
"305" 504 506 502 512 497 511 498 480 515 520 494 481 518 510 487 501 491 498 489 500
"306" 495 500 489 512 519 503 499 490 499 511 488 492 497 498 511 510 501 494 476 504
"307" 521 492 491 491 506 508 508 505 504 506 504 501 512 507 505 493 508 496 505 502
"308" 504 504 503 495 505 493 488 497 497 503 509 501 488 521 498 509 505 490 498 495
"309" 505 504 509 509 495 501 502 502 494 506 510 512 502 496 506 509 495 501 510 506
"310" 505 503 514 494 490 501 508 514 489 488 497 504 490 510 513 510 505 489 491 496
"311" 498 511 506 493 508 494 501 501 492 513 496 483 485 499 494 474 503 500 493 509
"312" 502 513 500 513 488 506 505 492 497 484 484 508 500 493 514 504 508 486 488 481
"313" 510 510 483 485 494 500 500 502 504 505 506 508 484 491 504 491 513 491 490 501
"314" 494 503 502 505 509 530 510 486 503 479 507 492 497 505 496 483 513 497 493 510
"315" 520 508 497 500 489 488 494 502 498 503 496 498 484 493 506 499 492 490 493 496
"316" 496 504 500 510 505 491 498 492 501 511 483 487 511 506 494 491 492 486 509 486
"317" 505 486 503 488 497 495 496 494 504 506 507 486 504 505 502 499 521 511 499 520
"318" 499 496 501 502 499 488 503 506 507 530 493 492 476 501 502 493 496 507 506 498
"319" 497 509 496 488 500 500 497 501 493 509 497 496 495 514 500 494 498 494 491 499
"320" 492 500 506 500 506 509 495 509 493 505 518 488 511 503 488 478 523 499 499 500
"321" 510 496 490 497 489 498 499 501 491 499 514 495 499 508 491 504 524 504 504 513
"322" 513 507 511 492 506 481 508 497 489 502 507 496 507 501 497 523 509 500 495 494
"323" 499 492 498 498 498 504 483 507 504 521 500 495 503 498 493 500 498 494 509 504
"324" 500 513 503 492 509 504 491 489 498 504 498 515 508 500 508 500 497 493 490 512
"325" 506 492 492 511 508 493 499 494 516 501 494 474 495 518 498 501 500 501 516 506
"326" 490 499 501 511 500 511 492 508 509 486 503 488 510 522 500 495 487 496 516 505
"327" 498 489 503 499 509 489 498 489 495 495 498 494 499 491 506 507 506 500 497 487
"328" 509 491 512 504 507 509 520 501 510 514 495 497 500 504 505 496 508 499 499 516
"329" 492 494 505 497 511 504 501 521 495 492 509 509 494 512 502 500 507 535 502 494
"330" 511 508 495 509 501 501 495 479 505 499 509 503 504 491 500 509 494 477 503 496
"331" 493 499 515 505 509 495 489 508 497 499 505 508 498 503 490 505 506 502 482 495
"332" 501 496 516 489 488 501 490 489 498 508 497 485 505 505 500 498 499 492 498 509
"333" 481 500 500 510 488 493 498 502 504 513 504 503 493 504 493 495 520 492 512 504
"334" 508 499 501 511 501 500 485 508 497 483 514 492 500 490 496 494 500 501 506 507
"335" 494 492 516 495 498 500 495 511 509 502 496 499 496 487 499 504 496 510 495 500
"336" 493 486 500 499 527 509 485 506 496 494 511 503 483 510 502 504 519 509 506 521
"337" 492 513 500 503 500 508 494 496 509 496 492 497 496 505 486 475 505 501 498 500
"338" 495 499 505 501 516 485 499 498 486 502 500 490 499 508 498 500 498 488 494 484
"339" 497 493 524 502 501 503 490 505 520 495 492 499 506 490 496 499 493 511 489 495
"340" 494 516 489 487 506 493 495 501 513 500 518 504 503 504 494 501 505 505 507 499
"341" 518 516 516 493 498 509 496 486 501 498 491 508 496 494 505 511 494 498 501 493
"342" 503 504 500 499 505 498 504 494 504 488 506 503 493 500 513 489 494 490 483 505
"343" 507 504 513 479 521 513 505 485 503 492 498 501 493 506 514 491 496 485 494 501
"344" 499 498 490 497 512 494 494 500 506 506 490 483 509 515 502 489 519 503 499 485
"345" 491 512 489 489 509 494 512 485 505 513 495 499 503 498 495 510 495 486 491 494
"346" 487 494 494 502 500 503 503 496 505 497 505 505 503 508 496 491 502 503 506 493
"347" 503 500 495 499 500 495 497 486 506 487 509 501 494 489 513 496 511 498 513 517
"348" 504 480 500 505 504 513 505 491 500 497 508 489 503 499 487 490 499 502 502 499
"349" 504 513 510 501 505 517 483 491 506 515 491 488 499 500 508 504 494 511 488 511
"350" 512 515 504 501 504 500 499 501 488 501 522 497 500 509 502 515 513 505 494 509
"351" 501 522 499 505 499 483 500 503 500 500 507 487 495 511 487 484 502 510 492 494
"352" 502 503 488 494 487 510 505 498 492 510 499 495 516 497 482 500 507 505 514 483
"353" 491 501 497 480 492 484 501 501 492 493 497 489 502 501 503 493 485 503 497 517
"354" 485 508 505 492 498 496 493 500 500 514 514 495 509 502 513 502 486 500 493 491
"355" 507 483 487 515 513 505 479 501 495 490 486 483 490 508 496 486 512 510 490 498
"356" 489 492 511 519 506 500 508 499 518 502 489 499 494 500 505 490 491 491 508 504
"357" 488 503 487 498 521 502 514 496 485 501 508 498 501 494 513 498 494 489 491 497
"358" 516 506 509 502 498 484 510 521 488 492 502 481 519 528 501 490 509 503 506 495
"359" 493 498 515 499 483 520 510 503 505 508 485 506 500 501 498 499 499 488 503 489
"360" 498 500 493 488 492 505 507 500 487 501 503 519 499 502 495 488 506 500 492 499
"361" 498 506 511 489 489 489 485 488 495 483 502 494 509 500 508 490 500 489 508 504
"362" 505 493 513 490 494 491 511 505 501 486 494 507 497 494 512 481 486 516 498 509
"363" 503 500 503 487 505 501 515 502 495 492 493 516 497 500 498 515 508 498 493 485
"364" 503 509 509 504 508 504 516 493 493 515 509 482 515 506 499 484 495 504 502 491
"365" 477 496 504 491 517 493 496 504 505 508 520 496 483 489 495 483 490 509 503 510
"366" 513 498 511 505 519 488 489 492 502 500 500 488 495 490 488 504 500 490 515 494
"367" 502 499 506 496 498 527 508 496 502 503 502 474 502 504 505 498 503 499 487 504
"368" 489 507 506 495 479 510 509 502 500 494 504 497 496 503 513 495 495 498 501 498
"369" 504 502 501 506 501 507 498 490 492 503 506 499 512 495 485 492 490 497 500 503
"370" 489 498 504 511 505 504 507 499 496 499 505 492 495 513 495 506 505 512 505 508
"371" 512 501 488 507 487 480 495 493 492 494 506 491 507 505 507 499 500 505 498 483
"372" 502 487 486 507 513 499 507 484 510 505 488 499 502 494 503 503 508 505 507 507
"373" 492 505 500 506 489 503 497 516 509 509 507 479 511 501 511 489 514 513 500 486
"374" 500 484 495 504 511 491 495 508 507 493 497 489 485 495 507 504 506 506 486 506
"375" 496 498 505 490 507 492 500 498 518 491 494 514 507 502 479 504 502 492 492 486
"376" 511 501 492 523 503 516 503 497 490 492 489 517 505 504 517 499 500 494 508 504
"377" 511 509 491 494 503 494 492 522 483 503 506 474 511 506 496 503 507 509 495 511
"378" 507 506 511 487 505 503 504 483 501 487 486 505 499 499 495 495 491 513 485 492
"379" 508 498 491 501 501 501 513 504 516 498 503 507 494 491 501 501 503 505 506 502
"380" 493 504 503 504 503 497 490 502 490 495 516 498 490 512 507 497 499 496 497 502
"381" 501 508 509 490 489 502 503 507 482 509 503 512 506 503 498 510 509 502 510 499
"382" 480 501 501 495 483 502 510 493 484 506 492 497 499 513 502 518 496 497 510 486
"383" 506 492 521 502 489 508 506 498 514 505 516 493 498 493 509 495 502 488 515 493
"384" 490 508 499 511 514 493 502 505 502 491 510 496 495 503 500 499 502 498 502 492
"385" 502 517 488 499 510 490 513 508 502 491 511 515 501 490 492 508 493 478 497 506
"386" 501 484 490 511 508 489 510 514 501 506 511 498 502 491 489 493 488 500 505 506
"387" 492 496 488 489 492 497 498 504 495 493 488 510 489 502 509 494 496 475 520 503
"388" 494 500 497 533 507 509 504 508 517 511 504 508 501 488 500 497 500 492 506 491
"389" 491 490 508 505 512 501 495 496 511 489 500 509 491 488 505 493 498 492 492 499
"390" 505 505 505 510 491 511 492 506 493 492 494 483 497 505 481 494 508 494 508 504
"391" 507 504 517 515 518 492 510 505 509 489 496 493 509 506 513 499 495 513 497 496
"392" 498 506 491 499 517 491 501 500 503 495 486 503 499 505 512 503 495 495 501 497
"393" 500 512 512 496 504 492 495 499 511 488 491 512 508 513 497 523 510 492 508 503
"394" 500 492 495 497 512 523 496 502 508 500 513 487 495 507 500 495 496 501 507 490
"395" 501 505 496 498 521 494 501 517 510 502 524 488 500 505 502 504 496 499 505 511
"396" 495 491 491 494 505 500 501 492 500 496 501 508 497 491 491 514 496 499 498 501
"397" 500 513 497 492 492 486 494 503 496 500 502 494 496 490 481 508 505 513 515 489
"398" 493 507 493 485 508 505 481 511 481 499 502 486 512 500 502 507 503 495 512 499
"399" 503 506 488 504 497 502 514 503 486 509 508 513 493 500 488 502 488 492 503 490
"400" 490 507 504 508 505 503 505 491 505 491 493 490 494 513 504 506 504 503 507 495
"401" 504 499 499 498 496 508 493 513 494 510 494 484 492 499 502 519 518 491 504 498
"402" 490 503 495 481 515 498 509 500 499 507 489 498 502 487 511 500 495 508 502 498
"403" 515 502 501 503 501 492 509 493 492 484 501 515 493 500 503 516 480 502 490 502
"404" 503 503 507 486 508 494 497 502 496 503 487 493 496 506 498 478 498 499 494 496
"405" 504 496 504 494 495 485 494 495 493 482 485 494 496 495 504 508 495 501 506 495
"406" 493 498 499 500 497 507 510 478 499 504 489 491 490 491 483 512 497 488 487 526
"407" 498 483 512 501 514 496 501 484 498 497 506 504 498 478 525 510 490 509 493 498
"408" 489 502 482 505 507 499 506 484 493 497 493 501 510 501 487 488 494 489 490 489
"409" 493 496 499 508 513 489 506 492 500 498 490 495 492 502 513 484 492 486 509 494
"410" 504 499 489 509 501 506 497 493 495 499 499 509 484 501 478 499 498 502 497 501
"411" 494 490 493 494 493 503 500 502 514 501 491 495 488 508 499 505 513 490 496 506
"412" 518 490 502 492 486 489 520 514 503 487 495 507 496 495 499 496 512 498 502 507
"413" 485 499 507 494 503 505 494 498 491 491 498 501 496 493 495 511 510 500 513 527
"414" 499 492 503 496 509 471 510 486 527 505 506 493 495 508 497 502 509 491 493 482
"415" 495 503 500 498 503 490 500 500 485 498 510 502 516 501 505 510 493 499 490 489
"416" 501 509 499 502 492 500 512 492 501 489 519 501 493 504 496 499 504 498 494 514
"417" 498 483 491 513 514 516 521 522 505 508 502 508 505 509 498 485 498 500 489 493
"418" 494 490 507 493 492 502 501 483 497 511 501 491 505 488 487 502 510 494 508 484
"419" 513 502 489 492 501 519 503 494 500 498 500 493 510 488 507 494 496 521 497 508
"420" 500 491 511 480 511 486 472 513 512 503 488 493 499 516 505 500 505 506 514 497
"421" 496 495 505 494 503 510 487 503 486 496 501 481 508 499 500 503 517 491 510 495
"422" 505 497 504 505 496 495 509 515 504 505 491 487 495 498 498 515 492 491 504 502
"423" 502 485 492 493 509 499 500 496 515 497 509 499 496 498 507 499 495 512 490 498
"424" 502 494 506 488 499 493 493 486 496 503 497 507 508 490 495 492 490 513 499 486
"425" 495 495 490 499 508 489 503 496 501 501 499 508 499 485 496 503 502 480 487 511
"426" 476 505 490 499 507 499 496 490 506 483 494 491 512 509 499 500 495 491 484 491
"427" 500 488 505 500 494 489 506 503 502 485 492 505 517 491 495 509 496 510 488 512
"428" 500 486 510 500 499 496 503 511 488 509 502 510 487 492 484 510 496 497 495 486
"429" 504 502 519 512 507 504 481 501 492 497 517 479 501 502 498 523 499 494 505 482
"430" 521 496 512 502 509 490 502 504 499 486 490 506 496 495 493 509 497 502 493 495
"431" 498 504 513 502 508 491 501 499 501 502 499 500 510 496 500 502 490 515 508 513
"432" 491 506 502 510 497 503 512 502 496 480 494 513 503 505 504 487 491 507 499 514
"433" 513 488 507 514 490 502 495 498 515 493 485 507 497 503 518 496 486 486 495 516
"434" 507 491 502 491 510 513 514 479 502 505 510 505 496 495 494 487 493 505 491 505
"435" 503 505 503 486 492 512 507 496 486 495 504 497 496 476 512 508 505 504 512 507
"436" 506 510 516 502 504 499 503 496 500 499 503 494 482 489 492 490 514 512 493 504
"437" 510 493 503 495 507 495 503 488 498 493 498 501 502 510 513 500 497 493 515 500
"438" 508 496 498 488 507 523 501 501 487 492 481 496 484 503 504 496 508 492 491 487
"439" 490 498 475 511 513 496 491 484 499 497 484 501 506 511 503 510 486 502 511 493
"440" 485 497 487 497 490 503 507 496 492 507 502 491 490 504 493 509 497 508 493 501
"441" 493 492 493 499 495 507 496 510 503 486 499 492 494 505 501 492 493 495 502 497
"442" 497 493 508 501 512 493 511 491 516 519 503 507 496 496 511 499 494 488 515 497
"443" 510 499 486 495 511 505 499 504 499 497 503 511 503 494 493 518 497 477 510 503
"444" 492 525 482 494 505 510 485 501 496 507 487 502 496 495 498 476 504 516 518 482
"445" 498 497 500 495 502 495 503 507 493 499 507 499 496 500 519 510 503 487 483 498
"446" 492 498 479 491 507 494 503 499 507 495 482 507 514 511 513 489 504 505 505 503
"447" 516 495 515 496 501 492 498 499 480 499 495 507 500 495 504 501 505 510 506 518
"448" 512 481 483 488 494 504 518 512 505 490 492 508 499 505 504 500 493 505 480 508
"449" 493 494 497 512 508 520 507 515 504 500 506 512 497 501 493 507 505 496 486 492
"450" 499 496 506 475 499 509 503 500 494 498 494 500 501 501 500 496 491 497 496 501
"451" 500 491 515 511 504 510 488 504 508 495 498 514 509 507 508 490 512 507 483 479
"452" 508 497 489 498 508 492 503 513 502 503 506 489 485 494 511 493 491 495 501 488
"453" 504 509 509 485 483 504 489 502 501 499 504 491 500 511 494 492 500 500 493 502
"454" 513 505 502 519 496 500 510 506 504 493 510 521 507 501 514 494 507 496 481 495
"455" 499 495 498 494 495 495 511 516 514 507 501 508 522 489 493 514 492 513 508 491
"456" 504 492 499 491 497 494 486 507 500 511 481 495 492 509 516 510 500 493 487 502
"457" 511 500 505 504 497 486 500 504 498 504 486 506 520 509 516 497 489 496 517 499
"458" 501 517 498 512 500 514 497 510 513 517 491 496 510 496 515 491 520 508 502 491
"459" 502 511 509 510 478 506 506 491 498 505 509 495 512 497 499 510 500 497 498 507
"460" 506 501 501 499 499 499 506 513 516 510 500 496 499 500 510 495 490 512 512 502
"461" 493 504 488 497 500 501 513 495 496 489 498 513 508 502 515 505 496 502 509 493
"462" 502 495 477 509 501 493 489 472 504 501 506 503 506 505 508 497 520 504 508 505
"463" 498 492 502 504 511 501 495 505 492 513 493 489 504 504 499 496 503 490 501 498
"464" 489 503 510 499 502 515 481 499 501 497 489 492 490 504 503 486 505 501 492 513
"465" 518 486 506 479 487 501 505 512 509 507 504 515 499 507 505 508 521 504 509 515
"466" 501 500 494 515 496 494 501 508 497 488 495 501 504 497 495 501 486 517 498 491
"467" 499 501 498 502 505 494 498 500 506 509 509 502 484 508 504 503 492 482 507 502
"468" 507 491 505 504 489 501 493 488 498 508 505 485 504 491 507 499 493 510 493 505
"469" 497 505 505 497 512 510 484 490 485 500 498 494 507 492 511 499 509 483 505 508
"470" 499 489 500 504 488 495 497 496 505 509 501 514 493 498 499 494 505 504 493 493
"471" 505 496 499 495 464 509 505 511 508 502 510 515 482 505 498 490 495 498 508 482
"472" 499 502 492 507 498 504 490 509 508 498 501 507 500 512 497 500 492 474 508 496
"473" 496 495 493 507 492 511 498 493 500 495 505 511 480 492 494 511 503 512 501 499
"474" 483 507 501 491 485 489 490 493 501 495 506 497 484 481 497 497 492 499 504 505
"475" 493 494 499 507 504 498 502 490 503 508 493 511 497 509 500 493 494 497 507 503
"476" 492 496 501 497 502 498 492 486 486 504 492 492 497 490 493 497 499 517 498 508
"477" 506 508 505 506 502 504 486 501 495 506 500 493 482 526 498 501 505 508 493 500
"478" 500 503 498 494 490 497 496 503 510 499 504 505 512 516 512 492 498 503 494 509
"479" 506 488 509 503 509 505 506 505 497 512 496 487 494 508 504 480 503 499 501 505
"480" 512 493 504 498 512 477 479 482 505 495 484 496 498 509 505 492 506 497 489 481
"481" 496 506 501 497 507 503 488 500 481 504 508 499 499 487 498 491 495 490 492 489
"482" 515 501 508 502 496 506 508 506 507 496 492 489 500 506 507 501 505 505 505 482
"483" 494 494 503 509 507 512 490 500 505 511 484 498 492 489 500 487 488 496 504 505
"484" 505 506 488 496 501 493 504 506 492 512 506 508 516 511 489 514 473 504 505 488
"485" 489 502 488 490 502 510 500 504 490 505 523 503 498 517 498 501 507 502 499 488
"486" 511 514 494 519 515 510 512 497 512 495 497 500 498 494 510 509 488 494 503 517
"487" 504 514 503 519 497 508 508 481 493 498 502 495 499 498 491 507 498 502 494 522
"488" 512 508 508 489 508 504 495 508 508 512 493 509 495 500 501 484 496 499 490 486
"489" 493 501 478 508 492 499 504 513 497 503 503 501 505 513 503 497 516 497 508 484
"490" 504 498 498 512 520 489 504 515 499 512 500 505 495 490 516 500 512 502 498 494
"491" 510 499 513 484 499 502 496 504 484 506 499 488 494 487 497 501 499 477 497 501
"492" 512 512 512 500 488 505 496 499 500 513 499 507 509 499 506 509 504 495 502 507
"493" 492 496 475 506 486 504 492 507 509 514 489 484 507 492 503 486 511 497 510 502
"494" 513 494 501 511 499 513 501 497 504 508 511 488 498 493 483 498 525 517 504 505
"495" 510 505 488 505 498 516 511 504 489 501 499 498 500 505 495 477 501 497 478 502
"496" 484 517 501 503 507 504 506 503 505 495 489 507 508 498 507 506 490 502 495 507
"497" 502 495 506 492 491 494 499 521 509 505 499 498 506 513 508 503 513 511 501 497
"498" 505 504 506 510 503 494 503 493 512 508 505 494 496 500 498 522 500 498 491 479
"499" 494 507 504 517 498 502 482 497 510 508 506 484 498 485 496 502 498 511 487 500
"500" 512 494 507 507 490 490 522 494 509 500 506 494 511 501 492 487 495 493 494 517
"501" 501 502 520 505 511 512 521 505 502 512 497 505 491 520 488 494 508 510 511 496
"502" 491 501 501 515 506 500 484 496 498 497 497 497 511 480 496 482 500 494 513 502
"503" 506 499 503 496 507 503 489 501 502 504 493 497 501 493 510 493 493 522 522 481
"504" 484 489 510 501 496 512 503 493 505 507 488 491 495 489 489 497 511 504 502 503
"505" 493 499 507 495 511 502 501 506 495 492 512 502 489 505 486 502 489 491 496 494
"506" 520 505 488 506 489 508 503 495 506 500 500 502 520 509 494 490 513 490 505 489
"507" 515 513 509 502 485 499 503 512 506 495 497 489 491 498 512 488 507 500 496 505
"508" 508 483 484 493 491 501 493 489 518 510 511 508 508 512 502 515 505 491 512 502
"509" 517 485 506 503 501 516 508 500 505 500 500 501 513 483 518 502 497 510 490 481
"510" 497 494 508 488 501 499 499 504 494 503 502 509 499 504 490 517 495 516 524 514
"511" 486 488 502 499 495 509 490 500 491 490 510 496 509 506 501 487 504 510 500 500
"512" 491 517 519 498 504 498 496 481 511 521 501 496 499 509 508 500 481 497 498 514
"513" 501 500 505 494 484 507 510 500 484 495 496 501 500 492 503 499 520 497 496 513
"514" 500 492 490 510 499 493 501 495 483 501 515 503 510 510 507 502 492 497 491 496
"515" 503 508 483 500 498 493 494 507 512 506 509 508 505 492 495 495 502 491 485 501
"516" 506 500 490 493 489 501 502 503 494 484 503 503 497 505 513 497 507 500 494 511
"517" 513 494 485 488 497 493 480 501 502 511 498 512 505 492 496 504 503 492 487 505
"518" 498 503 511 504 498 491 492 508 490 503 506 498 506 506 500 489 505 518 493 510
"519" 490 500 504 512 484 511 503 504 488 520 508 506 498 481 500 484 491 509 505 500
"520" 492 504 509 496 512 497 501 490 521 498 507 493 491 486 502 498 498 487 511 489
"521" 506 482 502 500 496 485 504 482 485 497 505 494 504 509 488 508 495 486 496 512
"522" 498 524 502 505 495 497 494 506 505 498 480 508 500 475 502 503 494 503 507 496
"523" 502 516 497 497 498 506 477 497 500 502 502 476 489 501 512 481 505 501 499 493
"524" 503 502 503 488 508 507 489 499 509 486 504 489 509 504 519 502 506 510 483 500
"525" 508 491 488 493 503 507 504 489 499 502 504 502 499 497 498 505 519 493 510 499
"526" 500 503 511 509 505 486 499 507 492 501 511 492 512 502 497 499 510 487 502 496
"527" 488 495 511 507 499 520 493 480 478 505 509 485 503 502 501 505 502 506 499 504
"528" 490 503 503 520 501 515 499 480 496 507 514 495 495 522 514 500 489 506 481 494
"529" 499 496 511 510 499 498 509 511 491 505 502 493 513 495 507 496 495 513 502 487
"530" 502 491 501 487 501 504 505 501 500 503 481 489 509 498 497 511 508 505 490 497
"531" 493 491 506 488 507 494 485 494 496 505 501 487 500 494 494 499 495 496 506 497
"532" 494 511 512 497 515 510 501 488 504 495 480 489 504 497 488 489 510 500 517 494
"533" 489 490 494 500 495 507 510 502 497 509 487 486 492 517 488 513 506 493 493 494
"534" 502 520 491 500 501 497 505 487 508 501 512 510 497 484 491 496 504 501 507 505
"535" 511 494 500 522 509 496 502 502 509 491 495 495 497 507 512 502 500 523 493 505
"536" 503 500 482 503 501 501 494 483 490 503 497 499 517 495 490 493 489 506 490 501
"537" 503 507 505 494 503 499 513 510 497 504 500 498 506 473 498 497 493 503 511 490
"538" 502 502 501 491 498 501 491 512 501 513 502 510 516 500 497 496 481 498 504 493
"539" 507 509 496 505 507 502 482 509 506 491 502 490 496 505 498 510 501 492 513 493
"540" 495 503 495 505 494 490 509 512 512 480 499 496 506 494 499 473 498 499 486 508
"541" 502 502 512 503 497 509 506 498 493 515 486 490 512 491 494 516 511 503 503 495
"542" 501 502 490 500 493 504 499 501 506 493 488 515 488 513 506 503 503 497 504 515
"543" 503 514 502 495 508 502 499 492 524 488 496 511 502 513 498 499 489 493 491 490
"544" 499 513 482 500 492 489 505 488 510 479 496 495 491 496 504 486 480 500 493 509
"545" 513 486 500 497 486 496 510 518 496 490 489 506 505 526 495 483 488 502 477 500
"546" 509 496 491 485 494 490 503 480 504 496 502 506 493 494 498 491 517 495 497 511
"547" 491 497 494 488 511 507 519 496 485 490 510 501 500 491 500 502 491 494 513 494
"548" 495 502 503 511 503 491 510 513 492 498 505 517 526 502 489 492 514 499 517 475
"549" 489 500 508 500 498 481 509 511 489 505 498 498 506 509 512 498 497 497 506 509
"550" 496 497 505 505 500 505 499 484 505 505 531 499 498 504 492 506 503 479 495 485
"551" 502 506 489 518 505 514 498 518 497 518 508 506 480 501 516 511 503 508 498 506
"552" 499 494 495 501 497 493 490 499 508 506 504 498 508 498 501 479 502 495 496 503
"553" 499 503 504 490 506 490 507 488 503 515 486 486 504 503 504 506 506 508 508 496
"554" 495 503 513 492 507 507 505 491 497 488 498 494 494 502 501 506 504 519 512 520
"555" 498 507 509 488 510 502 515 496 496 511 511 489 492 508 489 505 511 500 497 506
"556" 491 512 493 503 489 502 492 508 488 503 499 504 496 505 495 502 500 496 502 491
"557" 504 514 493 507 486 494 497 495 507 509 505 511 494 500 488 522 507 498 481 501
"558" 502 512 509 496 494 498 498 501 498 510 506 506 503 494 507 501 511 486 498 501
"559" 495 499 497 495 508 500 506 490 500 501 510 493 494 494 497 519 507 497 509 490
"560" 488 504 500 515 492 494 505 513 497 497 497 500 513 500 507 520 498 501 507 496
"561" 515 496 490 489 510 506 492 490 501 493 504 499 488 476 508 501 497 500 495 494
"562" 504 523 501 495 494 524 498 507 507 505 506 512 477 494 504 501 491 494 503 493
"563" 504 515 488 493 513 504 487 488 499 495 499 495 502 497 503 509 505 503 496 491
"564" 489 503 508 498 500 501 512 508 492 506 506 481 505 501 498 517 497 528 494 505
"565" 522 513 502 494 496 519 502 494 492 506 488 491 493 497 498 508 503 489 493 484
"566" 507 494 516 505 494 508 496 499 496 503 490 487 513 490 489 497 519 499 506 493
"567" 510 497 496 494 497 503 508 498 491 508 489 506 490 501 497 505 503 492 527 495
"568" 488 496 501 518 493 511 514 518 508 502 509 497 507 500 509 488 498 497 498 492
"569" 495 497 506 484 487 504 499 501 495 504 504 491 511 505 503 509 500 502 498 504
"570" 498 497 480 502 487 495 516 501 502 498 474 513 495 504 503 507 496 490 489 505
"571" 501 501 481 494 490 494 505 487 497 488 510 500 513 488 491 520 481 496 500 518
"572" 515 480 501 500 491 502 508 502 512 507 506 491 503 511 516 510 503 495 498 503
"573" 509 499 506 519 497 503 510 497 501 502 494 501 487 489 494 500 518 482 520 511
"574" 503 504 492 500 492 480 488 504 503 505 490 502 504 508 489 517 507 513 508 513
"575" 499 504 496 482 500 488 483 493 496 497 487 501 499 509 501 502 513 493 510 502
"576" 499 501 501 493 486 497 510 505 496 503 514 502 506 475 503 502 489 507 497 505
"577" 489 510 494 508 508 488 509 495 492 490 500 490 509 505 490 487 481 511 493 499
"578" 499 487 501 482 500 486 500 486 502 507 503 504 501 502 503 514 491 499 506 492
"579" 487 501 499 516 511 501 505 501 497 474 499 501 498 479 490 515 510 500 492 499
"580" 503 505 492 495 498 495 507 504 509 500 494 496 500 495 517 488 494 507 502 484
"581" 501 505 496 501 497 491 504 503 507 512 501 495 495 492 503 494 490 492 507 506
"582" 493 489 511 491 502 502 504 491 497 484 509 495 500 505 489 514 515 501 513 487
"583" 499 496 509 506 496 501 500 508 480 494 499 488 494 519 497 510 495 513 497 495
"584" 499 500 512 512 505 513 489 479 502 505 503 501 494 522 490 481 494 500 509 496
"585" 494 499 503 509 496 497 491 508 503 502 501 508 498 496 507 503 507 502 491 498
"586" 497 504 508 496 493 484 492 499 504 516 491 491 486 510 509 502 495 489 502 502
"587" 487 513 506 500 489 514 495 516 492 513 492 508 503 498 516 486 507 503 502 510
"588" 507 481 506 496 504 504 505 507 502 488 494 489 502 494 503 489 507 505 504 514
"589" 484 484 511 499 521 492 516 494 493 511 488 495 509 504 487 506 506 484 499 493
"590" 507 503 504 501 506 494 489 489 502 493 500 518 506 506 505 490 490 497 504 508
"591" 508 499 507 484 516 494 503 488 492 494 498 487 491 506 495 487 487 496 496 503
"592" 502 509 494 506 507 503 505 500 499 485 487 507 498 494 502 496 501 486 496 488
"593" 494 520 504 517 515 495 512 486 498 507 501 499 500 513 486 519 497 500 510 518
"594" 492 514 495 490 496 503 494 515 507 477 508 497 490 493 502 505 500 490 505 491
"595" 500 507 507 493 482 487 498 496 509 502 494 495 501 507 505 496 496 518 477 501
"596" 514 524 501 507 497 490 497 494 490 498 503 494 501 497 503 500 512 494 510 497
"597" 495 506 498 491 498 504 495 495 496 497 497 498 494 498 486 512 493 502 500 503
"598" 494 509 486 497 479 484 496 495 492 506 504 515 497 501 485 492 505 507 490 508
"599" 501 505 509 513 492 507 500 507 484 499 507 500 504 506 500 491 486 487 509 488
"600" 501 490 513 490 515 500 487 498 502 502 480 496 480 507 501 494 486 475 500 486
"601" 493 498 505 500 487 498 506 492 489 488 499 504 496 506 492 501 497 493 502 495
"602" 503 500 499 502 521 491 516 501 510 495 502 497 500 496 513 502 521 494 513 503
"603" 494 519 499 498 497 489 500 511 508 491 494 501 493 504 499 485 502 499 497 507
"604" 499 489 505 488 505 505 502 510 506 515 503 514 500 506 502 503 517 487 503 502
"605" 497 488 495 513 498 489 518 500 492 498 498 513 508 502 498 514 509 484 506 494
"606" 502 492 498 492 512 503 511 501 494 509 494 491 505 499 507 520 500 504 507 502
"607" 498 504 497 506 498 503 496 518 493 501 492 501 519 499 498 505 488 491 507 497
"608" 493 512 491 503 495 508 518 501 505 500 502 491 505 495 513 503 500 502 490 495
"609" 512 516 490 500 499 502 500 511 501 507 495 501 503 496 486 511 516 506 488 475
"610" 488 506 500 507 497 494 493 504 499 506 504 480 503 495 505 499 504 504 485 505
"611" 509 495 493 507 494 509 505 499 499 497 511 495 503 515 502 493 494 498 500 491
"612" 510 492 499 496 503 513 509 502 506 504 512 492 493 519 505 518 513 501 501 506
"613" 503 508 505 495 495 502 503 503 488 493 502 489 484 509 502 495 499 493 514 517
"614" 507 523 491 514 504 513 478 478 481 496 491 483 492 495 517 493 501 503 522 488
"615" 507 502 513 527 488 504 494 492 500 490 505 492 515 516 507 496 514 482 512 503
"616" 494 500 506 496 492 493 506 509 492 490 494 507 510 514 501 497 501 497 481 518
"617" 486 496 503 477 506 502 483 495 504 489 503 505 508 500 506 512 493 508 503 505
"618" 507 489 505 495 497 508 505 502 505 493 505 486 504 506 478 514 504 485 484 511
"619" 500 491 495 501 501 497 501 500 497 490 496 501 508 517 485 501 507 504 499 518
"620" 472 506 495 498 497 503 501 503 497 510 512 483 518 501 513 499 511 498 508 484
"621" 494 498 502 490 505 485 490 508 499 493 503 506 495 509 494 497 493 512 495 502
"622" 492 511 493 493 499 501 487 513 507 497 505 516 491 501 494 504 493 509 504 485
"623" 514 493 499 498 505 505 492 517 492 515 498 488 508 493 506 497 513 494 518 475
"624" 502 491 494 495 507 501 509 511 497 502 502 483 482 509 509 515 496 482 501 496
"625" 510 491 510 491 496 498 483 494 501 521 500 501 520 489 496 516 503 486 504 496
"626" 487 501 505 488 486 497 489 493 504 506 517 501 498 483 499 493 494 505 486 493
"627" 495 504 490 494 498 483 502 519 478 503 493 497 504 502 500 506 507 495 487 497
"628" 495 501 509 508 506 502 481 513 495 493 506 503 485 477 493 496 511 509 499 495
"629" 497 534 502 510 482 502 494 499 509 499 487 495 490 508 493 481 503 500 513 504
"630" 507 491 501 508 494 505 509 504 495 510 517 504 495 502 514 493 506 516 480 504
"631" 500 505 494 504 482 497 510 508 511 500 487 511 511 480 505 489 504 509 511 497
"632" 508 512 499 488 503 498 502 503 500 504 483 485 495 505 489 493 491 505 501 504
"633" 508 505 512 492 501 505 511 497 497 492 498 512 500 499 495 509 489 491 505 500
"634" 504 516 489 494 500 481 509 497 503 503 500 509 502 489 496 504 512 504 505 495
"635" 493 518 489 500 506 507 507 516 499 493 507 497 504 494 499 481 515 499 506 496
"636" 499 511 474 507 494 496 500 500 505 503 502 502 508 507 492 500 501 504 488 488
"637" 504 484 501 491 524 493 500 483 506 519 504 504 494 511 493 512 489 504 492 496
"638" 493 505 504 488 509 490 498 501 501 499 507 498 497 498 494 512 509 495 510 494
"639" 504 494 498 497 487 497 501 503 499 495 504 488 485 507 508 484 495 495 505 496
"640" 520 510 494 500 490 509 498 507 495 494 500 507 510 500 503 494 491 504 509 506
"641" 483 509 510 496 499 492 503 507 512 496 497 502 486 494 501 503 509 500 499 506
"642" 486 495 494 498 496 500 507 506 502 501 499 501 495 496 490 503 524 510 507 514
"643" 508 496 503 475 511 493 492 505 503 511 492 494 476 514 483 505 494 508 508 496
"644" 501 511 496 503 499 488 499 494 501 501 497 496 492 506 500 487 509 495 504 490
"645" 489 494 513 500 506 500 510 509 511 503 503 495 510 498 501 506 500 488 507 492
"646" 506 501 493 496 507 488 494 502 494 493 492 507 510 500 493 495 509 491 501 501
"647" 509 499 502 505 491 495 508 481 496 500 499 501 506 480 496 491 506 499 491 510
"648" 508 495 500 513 494 506 500 505 506 497 516 501 497 497 498 496 508 522 500 521
"649" 516 491 501 489 501 487 507 505 509 504 487 500 492 487 503 492 504 509 510 511
"650" 508 518 507 503 507 510 510 498 499 502 497 506 503 499 505 493 500 506 492 506
"651" 499 498 503 519 490 507 503 482 490 513 517 495 496 495 513 510 509 488 484 514
"652" 500 504 502 500 501 495 496 502 502 508 507 492 507 480 502 506 490 491 497 520
"653" 484 496 490 490 490 488 502 494 500 502 493 500 490 510 500 493 502 502 523 501
"654" 507 498 489 501 504 493 503 509 511 511 488 497 496 490 487 491 477 501 506 507
"655" 507 502 503 510 504 503 498 491 493 506 507 489 520 498 503 482 497 494 494 504
"656" 499 498 507 506 502 491 481 487 508 491 500 509 509 496 495 495 500 508 491 486
"657" 503 503 523 509 508 507 501 503 488 489 485 494 500 505 494 493 493 500 512 503
"658" 507 514 519 523 519 501 494 500 487 489 509 502 493 497 538 499 484 507 498 510
"659" 506 501 497 494 496 525 503 513 495 490 492 499 500 507 505 495 495 494 500 506
"660" 492 493 502 496 490 500 501 511 510 499 503 487 483 498 501 503 503 505 497 490
"661" 500 513 503 491 486 505 503 501 513 505 519 507 495 508 481 500 494 488 503 491
"662" 494 496 506 519 481 514 504 505 504 501 489 490 496 483 506 492 504 496 500 479
"663" 504 506 498 502 499 502 509 489 507 490 502 498 496 496 488 497 499 492 488 492
"664" 487 495 502 489 492 507 520 481 488 509 491 490 501 493 506 497 519 503 501 500
"665" 491 490 509 501 496 504 503 509 495 508 491 512 495 491 499 487 496 488 508 500
"666" 500 502 501 501 495 506 497 506 504 511 493 499 502 509 498 506 513 500 501 505
"667" 501 500 484 502 511 510 498 509 494 489 499 502 489 509 507 495 483 507 502 502
"668" 494 508 508 503 503 508 484 491 523 508 498 484 491 506 501 508 505 496 493 497
"669" 488 499 525 502 482 505 501 494 492 497 481 491 519 500 489 502 493 488 492 488
"670" 504 488 509 496 503 485 487 513 509 484 491 482 487 509 494 486 490 492 516 490
"671" 505 494 511 485 510 519 497 495 524 497 497 509 490 498 491 504 519 487 499 502
"672" 500 490 496 512 480 501 495 489 521 504 505 496 492 497 503 494 496 480 511 487
"673" 501 499 498 489 508 501 493 483 486 494 503 500 505 503 501 491 507 490 496 491
"674" 510 488 479 488 491 503 502 503 511 497 509 496 489 502 503 498 496 507 490 488
"675" 507 489 496 493 490 496 486 499 508 502 515 502 489 506 514 491 498 492 505 498
"676" 499 491 482 504 509 497 506 503 487 497 487 490 516 507 497 491 488 514 496 500
"677" 510 478 492 498 478 501 498 482 506 500 507 502 497 501 498 516 511 507 500 507
"678" 501 490 481 503 512 503 502 478 482 518 496 502 477 501 523 506 502 525 528 500
"679" 488 503 511 510 506 501 497 500 499 500 499 511 522 501 488 498 499 497 492 500
"680" 489 498 503 508 499 499 493 501 501 504 491 502 501 518 489 507 498 511 493 480
"681" 493 493 518 501 506 492 495 512 491 496 509 494 497 511 518 497 499 507 498 502
"682" 483 511 499 507 488 509 490 492 504 515 487 497 504 505 507 518 492 502 497 504
"683" 479 510 490 502 502 495 517 503 517 517 508 499 515 486 502 507 501 510 495 490
"684" 502 499 498 495 502 520 498 511 502 503 498 506 506 514 501 504 495 522 490 507
"685" 500 507 484 514 519 493 505 513 498 508 494 516 510 503 498 508 490 503 494 492
"686" 494 492 512 514 508 485 501 495 496 493 491 501 507 501 510 499 493 522 496 512
"687" 496 483 505 490 495 510 514 491 501 507 494 496 497 516 487 499 487 492 505 507
"688" 504 504 504 506 515 489 492 498 488 501 485 514 492 505 496 512 491 487 494 504
"689" 508 495 507 490 501 511 519 504 508 493 497 494 513 496 498 511 494 496 495 499
"690" 507 506 514 499 494 483 500 494 508 490 495 500 500 512 504 504 489 489 502 524
"691" 497 489 506 504 498 505 510 496 510 493 492 499 505 494 498 501 502 499 490 504
"692" 497 506 507 496 496 508 498 503 498 494 499 510 501 507 496 498 505 497 490 500
"693" 485 509 503 494 520 492 498 507 495 483 497 482 500 499 499 497 492 507 505 507
"694" 499 499 495 493 499 495 493 502 496 501 504 496 486 508 503 517 511 509 507 500
"695" 489 498 502 508 495 492 499 487 475 484 515 492 507 506 488 507 508 491 505 515
"696" 492 502 491 505 514 509 508 497 496 517 489 497 513 500 509 510 494 502 483 509
"697" 477 506 501 500 492 496 512 512 502 501 499 499 496 484 497 502 495 499 510 513
"698" 501 483 513 500 510 502 504 503 492 499 506 509 504 496 484 487 494 504 500 508
"699" 504 499 518 512 515 499 498 498 497 486 502 499 487 508 506 506 503 504 500 485
"700" 510 508 491 495 496 498 500 498 498 509 505 504 505 492 485 495 504 493 485 496
"701" 504 511 501 498 499 498 504 498 494 508 505 501 499 500 513 494 487 491 501 499
"702" 498 506 507 489 504 511 506 492 491 510 490 510 507 502 492 482 492 496 500 510
"703" 484 510 513 505 494 490 485 485 492 500 499 503 498 503 505 498 486 502 503 508
"704" 509 504 520 502 509 506 505 515 507 496 516 512 496 500 504 494 496 513 493 499
"705" 503 497 511 499 498 493 503 498 511 509 516 483 507 507 486 501 500 492 491 494
"706" 507 513 495 498 498 488 495 494 492 481 497 495 512 500 501 486 490 512 493 502
"707" 494 506 501 494 501 485 495 490 504 496 494 503 509 509 510 502 514 512 494 502
"708" 497 494 513 490 483 509 495 497 490 484 497 487 493 505 518 502 507 499 505 510
"709" 501 487 499 499 488 504 484 499 497 510 506 499 502 503 486 503 498 506 495 499
"710" 504 491 483 497 509 490 510 499 503 505 510 514 498 506 487 509 492 500 494 510
"711" 507 495 514 504 497 510 518 510 500 488 503 494 498 511 485 511 496 501 479 483
"712" 511 513 508 500 509 489 501 499 495 501 495 513 507 500 502 494 498 500 503 484
"713" 498 519 501 497 518 498 496 506 501 490 496 501 495 510 489 513 510 502 499 510
"714" 504 496 493 496 491 493 507 480 512 497 507 488 511 502 497 509 506 513 512 489
"715" 499 499 486 505 471 496 497 499 504 505 501 502 508 476 513 496 508 501 504 499
"716" 507 484 508 504 495 507 493 510 512 498 508 486 498 498 503 501 487 504 507 475
"717" 506 498 514 501 490 500 490 491 470 504 512 496 492 494 486 500 497 509 501 505
"718" 506 501 515 494 506 497 502 503 512 505 501 503 495 508 502 502 501 492 498 500
"719" 484 500 497 493 503 497 496 506 497 497 499 504 490 516 501 507 499 499 499 490
"720" 506 480 513 519 495 509 479 498 475 492 507 503 497 485 492 490 486 505 493 501
"721" 518 494 491 506 500 509 511 508 493 490 498 488 507 494 492 492 498 501 496 504
"722" 511 500 506 496 506 501 503 484 497 511 498 493 498 500 491 516 475 500 493 496
"723" 496 508 519 474 508 492 504 497 493 499 502 492 504 497 505 491 495 505 511 488
"724" 502 484 495 500 508 492 490 505 508 501 506 510 504 501 487 493 495 490 489 509
"725" 510 504 502 496 494 499 503 510 512 504 484 504 488 484 508 504 499 505 495 494
"726" 498 508 496 501 508 501 508 518 490 492 489 503 503 508 495 518 505 525 492 517
"727" 496 498 499 485 488 500 482 502 496 503 493 494 505 496 496 492 496 508 504 499
"728" 510 483 501 505 497 504 498 490 490 499 513 502 510 498 494 490 506 498 501 502
"729" 498 493 505 491 497 496 495 493 483 497 483 503 503 510 502 504 512 491 504 496
"730" 506 498 493 495 504 520 500 481 502 503 499 499 488 501 508 494 505 493 500 479
"731" 490 494 503 501 497 512 511 496 493 499 506 489 488 502 503 480 503 499 498 498
"732" 508 501 507 506 496 509 506 519 502 496 504 496 489 506 496 508 489 506 511 505
"733" 492 497 504 503 505 500 490 505 499 504 513 501 500 490 493 506 493 504 499 496
"734" 503 503 474 495 500 500 502 508 510 506 511 503 488 520 498 507 508 515 509 496
"735" 508 494 505 518 500 506 504 478 508 494 494 512 519 511 492 491 509 499 493 522
"736" 496 504 501 507 486 498 487 494 497 496 502 494 509 495 504 499 508 496 479 511
"737" 488 501 494 499 498 507 510 501 493 500 505 502 490 494 506 504 507 515 502 511
"738" 508 507 507 521 512 496 510 491 500 503 511 496 505 493 495 504 511 513 493 485
"739" 519 497 513 501 493 505 491 495 500 499 503 497 506 501 496 497 499 493 513 499
"740" 493 504 492 504 493 508 491 489 494 501 490 504 496 501 502 490 501 501 503 487
"741" 493 496 511 511 515 505 491 497 483 485 487 512 491 483 492 496 507 506 495 495
"742" 493 501 504 516 513 496 513 502 508 493 504 504 515 484 495 500 503 510 503 503
"743" 476 499 508 493 510 496 507 522 502 497 496 496 506 516 510 494 500 492 503 490
"744" 490 502 496 486 490 510 492 496 475 496 494 504 486 519 501 501 509 505 508 492
"745" 502 514 487 494 490 484 502 498 486 513 507 494 507 497 475 509 500 504 502 498
"746" 497 500 490 509 515 497 500 507 507 494 488 489 503 506 517 515 490 502 515 500
"747" 490 498 497 491 507 522 493 500 521 514 496 506 517 505 481 488 504 502 502 490
"748" 500 498 493 494 496 501 504 498 492 500 501 501 493 495 505 493 506 506 520 503
"749" 518 486 506 506 499 513 496 512 491 506 507 500 486 486 496 489 508 510 493 512
"750" 504 506 481 506 499 501 522 501 500 509 497 526 506 504 501 502 501 491 489 494
"751" 494 500 510 503 509 517 493 492 489 498 492 525 485 499 493 508 479 491 491 509
"752" 497 506 494 519 515 479 507 502 509 501 501 509 515 500 500 514 500 498 522 505
"753" 499 492 495 500 497 487 502 495 492 490 480 494 501 509 507 498 496 508 505 514
"754" 491 485 490 506 506 492 493 515 494 497 495 505 514 502 487 494 486 506 497 520
"755" 516 506 510 496 481 486 493 504 486 514 508 490 483 508 504 503 505 482 508 496
"756" 485 520 508 507 505 511 503 497 492 494 505 499 511 499 519 498 510 499 498 495
"757" 515 511 491 481 495 502 501 506 516 509 490 498 510 515 508 505 493 487 499 493
"758" 499 511 515 485 506 512 503 493 496 494 508 499 499 500 502 498 496 492 503 503
"759" 494 493 511 492 498 494 498 498 510 509 501 483 495 497 496 514 477 487 524 494
"760" 498 486 503 501 481 491 513 496 499 502 490 490 497 493 508 504 505 497 495 507
"761" 490 497 516 487 497 491 494 502 490 498 504 511 498 485 511 492 499 485 496 499
"762" 497 507 494 512 503 503 500 509 502 507 512 507 491 499 505 500 515 508 504 490
"763" 512 506 502 501 510 485 498 496 502 490 501 507 495 492 512 505 504 484 516 493
"764" 504 506 491 514 493 503 497 489 498 505 502 509 507 514 494 500 496 498 504 490
"765" 506 479 505 514 500 488 504 511 498 507 507 506 500 506 511 506 505 500 503 506
"766" 493 496 501 506 505 494 502 508 486 484 492 504 483 502 498 496 494 500 501 502
"767" 509 509 485 503 502 491 506 507 508 502 502 512 492 494 487 495 492 501 484 492
"768" 490 499 495 497 494 497 499 488 494 504 507 508 504 506 494 505 511 497 508 498
"769" 490 505 492 493 497 514 511 509 508 484 511 490 509 513 492 499 487 491 504 518
"770" 498 497 489 507 488 502 494 502 518 508 479 495 511 490 511 509 511 501 504 496
"771" 497 489 505 509 490 513 492 492 503 504 494 502 502 493 507 494 506 496 495 510
"772" 511 474 501 504 489 514 487 517 496 504 495 508 499 508 498 504 503 493 495 501
"773" 496 503 502 514 511 500 501 502 487 493 507 508 491 491 516 487 495 488 502 487
"774" 488 501 511 497 500 500 507 495 501 495 503 490 508 509 489 495 514 485 496 494
"775" 485 490 491 511 496 494 503 502 509 508 493 510 494 510 498 501 506 487 508 514
"776" 508 503 506 508 495 500 502 508 512 496 508 499 496 488 492 498 496 501 517 497
"777" 503 510 511 483 507 480 507 497 503 504 491 506 494 507 488 514 500 511 494 500
"778" 494 502 491 503 508 516 506 512 495 499 509 506 500 515 487 509 495 508 495 506
"779" 506 486 495 489 507 499 511 492 505 512 484 503 506 505 521 510 502 519 507 503
"780" 504 503 504 502 504 496 496 506 495 485 496 486 500 517 508 512 489 502 503 512
"781" 483 493 496 509 499 492 508 513 492 501 499 492 506 508 507 509 504 505 485 498
"782" 507 497 482 502 497 509 499 495 499 494 487 511 505 499 502 496 512 497 513 500
"783" 495 503 472 490 517 496 510 508 502 492 501 491 504 516 509 503 517 505 494 509
"784" 500 497 493 505 503 510 492 493 514 490 511 507 506 494 479 479 514 503 510 503
"785" 499 511 504 508 503 502 491 516 488 504 488 492 513 496 513 514 499 511 498 489
"786" 498 502 507 494 497 493 492 499 498 492 503 489 505 500 495 503 498 504 510 502
"787" 512 505 492 484 500 490 500 487 510 516 497 508 497 494 497 495 509 505 509 476
"788" 500 502 501 507 505 493 511 479 486 497 513 499 483 503 491 494 490 500 509 506
"789" 499 501 508 487 485 482 502 500 496 498 496 498 492 498 502 513 514 489 499 493
"790" 492 514 506 495 497 493 508 495 494 499 492 512 498 509 487 501 510 503 510 515
"791" 501 500 508 481 497 496 498 502 505 492 504 506 516 501 514 508 505 509 498 513
"792" 491 502 507 505 496 509 490 509 497 500 500 518 512 487 515 510 502 494 500 505
"793" 504 504 496 503 506 492 488 508 502 506 516 499 508 505 493 506 488 498 502 493
"794" 501 508 498 506 499 501 508 498 502 519 504 492 514 513 506 495 493 505 490 501
"795" 494 496 488 504 507 494 518 483 502 499 504 497 511 493 493 503 512 497 495 499
"796" 501 532 493 506 497 490 490 511 502 483 475 495 499 493 495 503 483 503 499 497
"797" 501 511 510 502 504 500 509 507 492 490 489 504 502 502 500 502 493 477 499 499
"798" 500 496 490 497 489 478 486 487 511 510 498 506 497 479 513 501 501 507 482 497
"799" 479 495 517 488 522 492 502 492 518 504 511 501 511 505 487 497 496 492 489 501
"800" 494 502 503 507 500 497 508 489 508 508 503 492 474 490 497 486 510 484 508 489
"801" 503 498 492 485 507 485 499 505 519 493 502 496 496 506 504 505 489 511 495 487
"802" 486 504 515 481 480 515 491 494 501 519 497 481 516 501 510 504 498 499 490 506
"803" 498 501 499 497 498 491 510 519 492 507 499 503 499 511 503 504 513 498 497 500
"804" 503 507 493 497 490 492 506 515 492 502 515 505 507 492 493 501 510 511 509 504
"805" 516 496 499 507 505 518 510 503 508 517 518 497 502 490 499 486 492 512 498 509
"806" 498 494 492 493 508 503 505 513 511 484 512 514 492 504 496 501 511 492 498 496
"807" 491 497 507 496 497 493 507 494 476 501 501 501 494 499 500 490 479 499 497 505
"808" 492 506 503 476 482 509 510 513 486 478 481 502 517 514 495 510 496 498 502 491
"809" 505 497 504 499 505 518 498 501 497 507 496 495 504 502 491 506 503 485 511 515
"810" 501 509 492 494 512 503 503 505 504 509 511 515 502 481 502 494 522 497 496 497
"811" 503 518 507 514 497 495 504 493 494 495 494 500 497 489 511 486 509 516 497 505
"812" 491 493 508 504 481 507 508 490 500 502 478 498 488 500 486 486 509 492 488 511
"813" 506 510 489 505 488 490 501 510 509 500 496 505 492 487 503 494 485 506 498 496
"814" 485 501 501 515 494 502 498 490 510 504 517 496 495 494 495 490 493 508 503 495
"815" 512 512 494 489 497 506 498 497 504 494 498 501 498 501 503 496 503 485 490 493
"816" 490 509 496 491 509 491 501 491 493 489 511 505 507 498 493 508 504 504 492 504
"817" 494 509 501 498 494 482 483 503 500 504 498 499 498 489 505 505 515 500 491 494
"818" 508 497 486 492 509 511 497 505 503 491 499 489 508 502 508 497 501 492 508 501
"819" 491 487 505 508 475 487 500 492 507 497 505 508 509 499 508 486 497 500 493 497
"820" 489 508 508 504 501 499 489 524 517 510 484 478 506 516 501 500 507 500 502 505
"821" 492 503 507 502 508 505 484 496 499 502 517 511 504 508 496 500 506 515 509 483
"822" 505 492 483 497 495 500 501 493 498 498 485 507 495 511 496 491 507 492 500 501
"823" 499 507 498 498 501 489 506 498 491 509 499 510 480 506 503 506 489 509 498 499
"824" 493 498 501 501 506 498 514 500 505 505 516 502 499 488 484 499 496 488 490 503
"825" 498 494 491 517 492 484 487 484 501 500 496 501 492 499 496 481 505 506 517 499
"826" 502 497 503 500 504 496 509 496 502 500 487 495 507 491 478 484 504 488 500 505
"827" 506 511 502 518 509 501 504 495 501 499 503 498 504 513 506 496 498 485 502 504
"828" 495 498 497 506 493 492 506 504 509 483 506 505 488 505 495 495 502 501 487 492
"829" 492 492 508 496 513 487 504 488 474 496 499 490 500 508 492 508 496 506 497 496
"830" 496 503 505 505 514 493 517 511 519 499 495 504 514 493 509 492 506 494 490 512
"831" 504 486 487 497 496 513 502 484 501 497 517 505 491 506 496 481 510 505 491 495
"832" 496 490 513 486 501 497 493 498 496 504 517 497 514 501 494 494 494 503 512 507
"833" 500 498 501 503 510 514 506 504 514 494 505 510 505 501 504 503 513 520 501 497
"834" 497 507 509 500 518 513 487 493 506 492 497 505 486 498 507 509 502 489 493 497
"835" 499 501 489 481 503 493 493 506 510 483 493 496 496 497 499 508 509 500 514 520
"836" 503 489 499 495 526 502 491 497 499 504 508 497 496 512 511 501 490 505 496 510
"837" 487 496 508 501 504 494 513 500 486 502 483 502 491 508 494 511 512 494 498 500
"838" 510 507 506 506 498 513 502 499 509 494 508 500 505 517 508 514 499 489 496 493
"839" 492 512 502 496 491 504 497 487 497 487 509 503 493 504 505 491 508 519 500 491
"840" 517 511 518 505 508 497 501 510 517 507 498 498 490 491 490 500 505 491 497 517
"841" 494 509 499 504 493 502 499 500 513 505 479 495 502 529 506 507 505 485 492 516
"842" 511 492 500 493 501 508 491 495 504 491 496 498 508 490 495 497 511 495 497 492
"843" 488 504 500 490 500 489 495 497 510 507 488 511 491 496 517 508 485 493 500 493
"844" 492 501 501 492 521 487 506 505 506 508 506 503 506 500 498 490 492 506 496 503
"845" 505 498 504 497 489 497 493 508 506 492 495 509 490 514 508 502 500 506 516 498
"846" 509 508 502 488 482 530 490 497 504 497 500 498 482 486 493 518 488 506 488 495
"847" 489 500 502 511 497 499 487 492 496 501 494 488 499 506 490 494 481 510 497 495
"848" 507 506 510 512 500 493 488 509 484 484 499 529 510 493 493 485 494 506 507 508
"849" 518 496 494 484 498 513 504 508 499 501 507 500 500 493 492 499 524 504 505 501
"850" 506 490 490 497 508 496 503 507 488 501 503 497 496 498 494 501 504 480 506 500
"851" 519 500 501 513 480 490 507 511 498 508 506 496 498 504 500 508 498 497 500 489
"852" 499 504 493 501 515 493 496 505 517 503 506 503 483 499 499 504 503 504 488 509
"853" 497 500 504 502 496 509 501 497 513 497 500 491 486 518 495 480 490 493 501 508
"854" 501 485 503 506 488 491 503 493 497 503 504 482 486 507 503 511 478 501 497 497
"855" 501 496 503 501 497 511 503 493 506 486 511 500 493 497 511 501 479 498 497 508
"856" 499 502 500 488 506 504 510 493 495 498 506 492 507 502 506 498 500 489 489 509
"857" 497 495 502 506 491 510 508 512 495 510 496 508 496 493 516 500 502 500 508 494
"858" 504 501 511 511 498 511 498 506 505 491 509 515 501 491 509 504 491 488 504 508
"859" 503 490 506 493 499 506 498 508 510 497 502 507 492 494 499 507 509 508 504 511
"860" 481 515 499 500 500 493 484 495 487 506 501 492 482 494 488 508 492 496 500 502
"861" 486 505 504 487 477 504 506 502 499 506 480 480 509 490 504 489 507 508 512 511
"862" 517 505 504 507 493 496 499 507 505 490 494 498 513 506 508 498 492 494 507 497
"863" 512 509 490 488 494 494 509 510 492 491 499 508 487 500 498 507 525 498 498 497
"864" 499 500 495 499 512 509 510 518 505 520 499 510 482 507 507 511 481 510 486 509
"865" 512 499 490 495 501 515 503 513 516 496 507 501 483 500 496 503 490 490 505 499
"866" 474 488 504 489 499 490 493 504 502 509 492 492 528 499 494 499 505 503 510 509
"867" 489 498 499 512 503 504 511 494 511 496 495 494 504 502 502 487 491 498 491 501
"868" 499 494 507 502 515 502 504 499 492 506 510 502 512 511 509 491 500 496 506 492
"869" 480 477 511 507 498 503 485 495 503 493 491 481 485 519 511 518 489 492 489 498
"870" 507 488 507 488 508 486 501 506 513 492 484 508 490 507 499 512 515 495 520 514
"871" 493 507 528 487 502 506 499 501 489 506 502 515 479 500 489 513 508 496 473 496
"872" 492 501 501 508 497 501 519 503 500 500 491 501 497 505 510 490 504 500 494 484
"873" 518 493 499 510 503 499 500 500 511 500 514 507 512 494 516 514 502 498 504 506
"874" 493 499 505 494 500 516 510 500 502 500 505 493 511 505 499 511 513 504 477 504
"875" 509 512 496 499 494 522 503 508 490 497 497 500 500 504 487 492 515 494 509 510
"876" 512 513 516 485 497 483 494 517 500 490 483 489 510 492 502 516 504 506 513 484
"877" 498 501 497 506 514 486 510 490 509 488 506 498 498 520 496 503 488 510 476 491
"878" 493 496 517 496 508 523 503 489 483 499 495 500 496 521 493 489 514 514 503 509
"879" 506 498 492 491 508 492 492 504 499 524 508 497 498 495 516 490 496 503 511 497
"880" 516 502 493 499 489 507 501 485 504 506 485 513 509 501 502 513 507 475 514 502
"881" 509 496 514 511 496 494 498 505 509 499 503 515 495 477 485 492 509 495 488 494
"882" 514 493 506 502 516 506 504 501 500 505 492 511 492 500 502 497 514 492 492 489
"883" 501 497 489 500 500 495 505 510 495 492 510 485 498 514 500 500 501 485 504 511
"884" 487 500 497 494 500 498 502 500 512 513 516 500 489 503 503 490 493 502 483 510
"885" 518 483 500 499 493 491 498 505 498 486 510 488 505 516 494 502 502 498 510 500
"886" 496 493 499 501 515 519 505 507 510 493 502 498 505 516 492 507 504 510 509 488
"887" 503 503 500 501 488 493 492 491 504 499 496 504 499 499 482 495 492 497 503 507
"888" 502 492 498 507 501 492 499 494 498 502 492 499 509 500 501 504 496 500 504 496
"889" 494 501 492 505 507 497 498 512 504 493 506 491 502 514 493 514 503 502 501 494
"890" 496 514 505 499 503 493 496 495 507 499 504 490 491 498 504 495 520 503 487 485
"891" 510 507 495 494 506 494 491 494 501 499 504 494 518 508 511 504 503 479 499 508
"892" 496 497 505 499 512 506 511 495 491 484 503 489 481 510 498 488 500 492 505 481
"893" 494 493 489 517 501 497 502 498 488 490 495 490 496 516 508 503 493 495 474 483
"894" 503 504 495 496 511 511 500 485 497 483 508 504 504 504 505 489 495 498 496 494
"895" 499 483 503 481 511 505 501 490 515 495 496 492 502 493 491 492 500 501 490 486
"896" 496 489 511 503 494 510 495 499 500 509 495 490 476 504 502 502 517 494 499 505
"897" 499 492 527 498 508 511 500 500 494 493 485 495 484 500 506 500 480 491 500 493
"898" 506 508 503 502 480 495 504 502 504 510 501 498 485 486 506 503 500 512 490 520
"899" 515 490 489 495 491 495 489 516 495 497 491 501 500 492 517 492 500 487 496 500
"900" 502 498 501 506 498 486 492 498 489 487 500 499 501 485 498 499 504 503 497 496
"901" 483 511 497 495 498 508 480 502 497 493 505 513 485 493 498 512 507 497 496 510
"902" 499 495 503 518 491 491 484 503 506 485 500 489 504 504 499 486 490 504 496 499
"903" 485 512 500 498 507 484 493 486 505 493 505 503 495 514 499 515 503 492 509 498
"904" 478 495 510 496 488 499 498 499 494 494 495 498 498 487 482 506 503 506 499 494
"905" 504 514 496 503 491 508 499 487 522 504 489 501 495 505 500 487 518 508 500 485
"906" 479 487 496 508 507 495 502 514 509 494 506 514 501 510 493 495 487 505 493 507
"907" 488 511 494 509 491 510 503 499 516 513 496 496 506 494 502 508 511 483 495 485
"908" 511 500 480 500 489 510 521 494 490 497 493 517 520 498 496 507 489 506 497 511
"909" 499 500 502 514 497 495 493 504 488 490 501 507 508 488 489 495 502 499 512 510
"910" 506 506 501 493 509 492 503 520 487 490 507 496 511 511 483 505 503 517 502 511
"911" 503 495 491 507 488 502 512 514 495 500 514 507 512 488 492 484 487 520 494 508
"912" 488 495 486 504 504 495 487 512 498 504 518 518 498 501 490 500 488 495 508 513
"913" 513 507 512 495 493 501 508 499 502 513 487 492 494 516 485 509 499 500 529 501
"914" 491 503 507 498 487 497 516 503 501 498 505 500 498 493 511 512 501 502 483 501
"915" 503 503 507 500 509 491 507 484 491 501 489 504 510 495 501 509 511 511 492 507
"916" 509 509 509 499 496 506 488 512 504 489 510 496 493 491 502 500 502 493 494 490
"917" 510 493 487 493 505 490 494 504 502 505 503 494 498 504 497 501 504 519 496 493
"918" 502 501 497 524 503 499 495 497 485 511 486 504 501 490 489 489 497 499 502 496
"919" 497 505 492 506 500 514 487 508 505 493 504 518 493 501 508 496 497 484 503 496
"920" 512 487 519 481 498 499 492 493 498 497 508 498 501 496 490 508 489 477 509 493
"921" 485 512 492 493 489 488 503 506 509 496 503 519 516 503 500 495 506 495 515 505
"922" 500 498 485 482 517 504 492 496 513 511 494 501 494 507 500 505 495 508 499 499
"923" 500 518 508 499 497 499 503 506 508 498 509 505 514 488 508 491 498 493 506 489
"924" 510 502 496 494 479 493 511 526 504 510 492 500 508 512 498 505 493 488 495 501
"925" 503 506 498 504 503 505 498 510 510 480 522 502 509 491 516 496 498 511 501 518
"926" 507 498 518 499 502 496 517 502 505 487 513 500 519 497 511 488 507 494 504 504
"927" 503 502 500 507 518 510 485 488 494 505 498 496 499 468 492 501 510 492 497 495
"928" 495 482 498 507 501 505 492 503 507 486 503 505 504 489 508 497 495 501 487 482
"929" 498 511 512 491 508 506 516 508 510 491 496 494 504 501 483 494 502 500 495 527
"930" 502 505 496 500 509 496 501 502 524 501 493 500 517 489 515 511 506 500 497 503
"931" 498 506 512 495 510 502 497 504 490 509 495 491 495 499 500 492 491 493 499 494
"932" 509 503 489 502 499 494 496 507 507 479 508 498 512 497 503 496 511 514 489 493
"933" 480 488 496 511 484 503 488 495 497 508 517 509 509 492 500 506 506 509 510 505
"934" 507 495 490 506 505 497 487 500 498 501 484 490 492 493 512 504 500 490 507 501
"935" 503 492 514 505 502 515 498 501 507 512 504 513 518 503 510 496 513 507 507 509
"936" 498 501 505 490 508 505 505 486 499 492 507 501 502 505 490 495 503 500 507 500
"937" 489 499 508 508 494 497 513 498 513 499 494 504 494 508 508 490 493 504 489 513
"938" 504 502 499 495 485 509 504 506 502 496 510 501 497 499 490 497 486 491 487 512
"939" 491 505 515 511 514 489 482 509 502 499 491 494 514 506 493 489 494 489 493 498
"940" 489 477 507 506 510 485 508 498 509 505 511 502 494 495 503 495 509 509 510 499
"941" 500 505 521 483 509 499 493 506 495 522 494 500 501 483 495 511 496 499 503 498
"942" 499 496 490 502 500 498 494 485 503 497 501 479 489 477 492 497 492 488 505 501
"943" 501 507 486 488 507 500 521 506 503 512 508 496 498 493 494 501 509 494 499 494
"944" 515 511 484 485 502 509 497 508 501 496 498 503 500 496 503 498 509 489 503 491
"945" 483 497 502 506 480 521 483 484 491 501 500 500 507 507 493 495 495 495 501 497
"946" 506 501 506 503 488 495 501 507 502 512 492 501 514 494 493 490 506 494 500 512
"947" 493 490 509 500 496 484 479 499 504 515 494 503 500 508 491 494 488 497 494 495
"948" 509 504 498 493 495 487 502 515 499 522 498 500 495 509 493 503 498 493 492 500
"949" 489 502 511 498 498 501 492 513 492 506 499 494 496 491 509 509 491 500 500 505
"950" 480 494 503 491 498 485 501 503 495 508 494 512 497 515 486 516 498 496 500 503
"951" 525 509 492 512 491 502 496 503 507 483 513 503 495 503 481 501 513 490 503 495
"952" 481 508 496 487 495 485 506 496 494 512 498 512 508 500 494 503 496 488 501 508
"953" 491 492 500 507 508 494 488 506 490 495 502 497 511 498 513 498 510 500 510 488
"954" 503 486 493 512 483 480 503 513 505 496 500 478 513 489 503 510 496 506 493 501
"955" 490 500 508 492 502 497 491 506 498 495 490 497 499 499 504 511 491 495 501 497
"956" 499 511 494 495 516 522 492 512 497 496 506 498 500 501 489 482 501 502 507 498
"957" 500 502 498 486 494 495 506 493 481 488 504 492 498 492 494 513 503 493 504 505
"958" 504 503 509 498 485 505 500 511 498 507 510 490 507 503 506 481 506 498 510 500
"959" 505 496 487 517 505 501 492 506 497 497 509 500 510 506 506 493 489 515 504 496
"960" 501 488 513 514 496 503 495 505 514 499 511 485 502 502 514 496 511 507 505 488
"961" 481 502 506 489 513 517 495 508 503 497 476 504 495 493 514 481 512 514 508 480
"962" 492 489 512 503 492 510 518 495 497 504 496 501 506 502 506 500 496 504 504 483
"963" 493 501 488 507 487 497 501 477 503 495 509 492 500 494 493 508 506 504 504 492
"964" 507 508 511 492 492 506 493 508 491 497 503 493 500 482 495 499 517 495 512 495
"965" 488 506 486 492 496 477 509 496 509 491 490 495 520 486 506 522 493 496 528 495
"966" 508 492 497 515 497 492 498 487 482 484 485 501 490 505 514 485 494 499 501 517
"967" 476 485 503 510 497 503 499 504 499 515 499 515 512 490 515 505 494 500 505 516
"968" 494 506 498 500 499 484 494 507 515 516 489 500 508 501 494 499 496 511 486 498
"969" 502 491 503 496 497 483 500 487 498 499 499 520 498 512 507 497 487 496 505 505
"970" 513 508 484 483 501 517 518 513 496 506 481 509 498 482 504 492 505 512 497 509
"971" 489 505 486 511 495 494 501 507 481 490 481 494 501 503 509 486 503 493 500 503
"972" 507 508 507 509 520 516 490 503 487 522 497 491 508 501 503 503 490 512 495 496
"973" 492 494 522 481 512 496 509 501 467 503 507 513 501 499 489 504 510 508 517 498
"974" 493 507 499 496 492 494 490 491 508 501 511 506 480 515 513 493 500 512 494 505
"975" 513 488 504 511 502 511 509 505 511 495 499 517 504 498 490 504 498 495 506 502
"976" 500 501 500 502 497 495 502 512 522 490 503 496 504 498 501 482 504 507 506 502
"977" 515 494 500 506 487 494 511 509 524 521 498 491 510 506 494 492 502 510 496 511
"978" 498 501 500 499 502 499 491 505 478 503 498 500 500 500 500 518 512 485 492 489
"979" 487 487 495 496 498 494 493 498 495 499 488 514 496 489 510 503 492 493 485 496
"980" 495 486 497 493 503 502 493 500 489 499 501 501 495 500 499 496 493 510 500 507
"981" 504 506 504 499 513 504 492 520 497 489 495 508 495 497 495 485 489 513 492 519
"982" 498 509 513 510 498 499 492 507 487 503 487 502 491 492 497 491 521 507 512 497
"983" 504 500 501 499 506 515 510 502 496 509 499 490 511 490 492 502 507 500 475 517
"984" 499 492 503 496 504 494 497 498 504 489 509 502 505 515 502 493 493 522 500 492
"985" 504 510 500 488 502 512 484 508 504 508 511 501 507 498 496 507 498 501 506 491
"986" 495 509 508 499 491 503 496 514 504 497 491 497 497 503 501 516 483 492 499 490
"987" 517 513 502 494 497 498 504 495 491 481 500 497 507 513 502 507 503 497 495 493
"988" 496 503 507 501 499 506 501 492 500 500 514 508 492 512 491 495 483 492 519 509
"989" 509 499 494 496 479 510 508 487 491 497 513 506 520 489 501 499 491 489 489 507
"990" 500 495 509 492 518 507 492 500 513 492 491 497 503 493 478 500 493 499 500 498
"991" 491 502 485 508 486 502 493 501 509 504 515 497 509 498 495 502 492 503 503 501
"992" 530 491 510 498 482 508 492 497 507 494 494 489 492 502 508 521 482 500 500 495
"993" 498 504 495 497 490 496 505 496 503 498 506 508 503 484 507 522 512 507 499 503
"994" 512 508 503 513 492 512 491 493 488 504 509 491 492 497 507 487 491 503 498 504
"995" 498 501 492 495 492 496 502 510 507 510 482 496 510 507 509 503 496 500 492 502
"996" 497 498 512 494 501 498 513 505 484 506 494 507 495 488 498 507 502 512 505 502
"997" 496 499 510 510 484 510 508 509 502 495 491 502 491 490 488 509 500 498 505 499
"998" 509 504 493 494 502 504 503 504 501 502 502 487 502 490 501 482 505 504 479 518
"999" 504 487 490 505 487 513 496 523 511 503 493 486 490 488 495 490 491 506 508 500
"1000" 495 506 515 498 496 483 487 504 509 499 488 491 504 502 490 487 480 493 499 500
